# JD (TT) mg err
2452309.66075  16.299 0.017
2452309.66590  16.284 0.025
2452316.63433  17.100 0.025
2452316.64070  16.929 0.019
2452316.64838  16.695 0.017
2452322.60727  16.288 0.011
2452322.61496  16.274 0.011
2452322.62262  16.225 0.010
2452322.63029  16.242 0.011
2452367.50301  16.375 0.018
2452367.51198  16.856 0.026
2452367.51672  16.849 0.026
2452367.52137  17.155 0.031
2452369.53981  16.954 0.022
2452369.54622  17.190 0.029
2452386.48769  16.353 0.012
2452386.50272  16.452 0.013
2452387.50573  16.563 0.016
2452387.51307  16.528 0.016
2452387.51945  16.471 0.016
2452387.52584  16.370 0.019
2452388.50166  16.301 0.016
2452388.50882  16.319 0.016
2452388.51519  16.392 0.016
2452388.52158  16.427 0.018
2452403.46514  16.274 0.011
2452403.47268  16.304 0.011
2452403.48019  16.333 0.011
2452405.50358  16.351 0.019
2452406.46415  16.458 0.014
2452406.47166  16.582 0.016
2452406.47919  16.775 0.019
2452412.47040  16.279 0.014
2452412.48550  16.211 0.014
2452412.49314  16.231 0.016
2452417.45272  16.433 0.017
2452417.46027  16.318 0.015
2452417.46797  16.313 0.015
2452428.44365  16.861 0.022
2452428.45116  17.128 0.027
2452428.45876  17.080 0.028
2452440.42001  16.387 0.015
2452440.42641  16.458 0.015
2452440.43280  16.549 0.017
2452445.41449  16.565 0.019
2452445.42203  16.619 0.020
2452445.42954  16.775 0.024
2452445.43746  16.781 0.025
2452446.40733  16.426 0.023
2452446.41507  16.367 0.021
2452446.43029  16.214 0.017
2452455.37501  16.313 0.022
2452455.38280  16.336 0.024
2452455.39051  16.481 0.027
2452458.40166  16.446 0.021
2452458.40918  16.303 0.019
2452458.41677  16.116 0.018
2452459.41151  16.144 0.020
2452459.41903  16.202 0.022
2452462.46048  16.190 0.019
2452462.47651  16.108 0.018
2452464.39210  16.430 0.030
2452386.49521  16.383 0.012
2452412.47799  16.257 0.014
2452446.42266  16.232 0.018
2452464.39965  16.335 0.024
2452491.43328  16.347 0.019
2452537.27925  16.294 0.023
2452557.30733  16.452 0.016
2452767.54941  16.433 0.019
2452792.51711  16.538 0.027
2452825.50082  16.187 0.020
2452842.39505  16.632 0.023
2452869.38432  16.896 0.037
2452908.29920  16.494 0.016
2452915.32731  16.869 0.021
2452464.40733  16.194 0.020
2452466.45755  17.170 0.063
2452466.46511  16.955 0.057
2452466.47308  16.918 0.053
2452466.48071  16.799 0.048
2452470.36608  16.873 0.033
2452470.37375  16.805 0.031
2452470.38170  16.757 0.029
2452470.38924  16.543 0.025
2452472.44197  16.297 0.021
2452472.44952  16.278 0.021
2452472.45706  16.294 0.021
2452472.46460  16.236 0.020
2452474.46438  16.231 0.019
2452474.47203  16.277 0.021
2452474.47954  16.277 0.021
2452474.48721  16.216 0.021
2452478.40449  16.463 0.038
2452484.32703  16.221 0.021
2452484.33456  16.073 0.019
2452484.34220  16.378 0.026
2452484.34972  16.178 0.021
2452486.38331  16.419 0.028
2452486.39100  16.510 0.031
2452486.39860  16.681 0.036
2452491.40837  16.769 0.028
2452491.41588  16.576 0.024
2452491.42452  16.387 0.020
2452498.34372  16.164 0.013
2452498.35123  16.087 0.013
2452498.35873  16.111 0.013
2452501.24477  17.119 0.031
2452501.25776  16.699 0.023
2452501.26432  16.642 0.021
2452528.25132  16.611 0.027
2452528.26652  16.451 0.024
2452530.35724  17.345 0.042
2452530.36603  17.040 0.033
2452530.37468  16.752 0.028
2452533.35100  16.705 0.027
2452533.36845  16.432 0.018
2452537.28637  16.367 0.025
2452537.29275  16.356 0.025
2452537.29918  16.469 0.027
2452539.31794  16.513 0.033
2452539.32432  16.589 0.034
2452539.33077  16.535 0.035
2452539.33717  16.476 0.033
2452540.27810  16.620 0.029
2452540.28449  16.507 0.028
2452540.29089  16.609 0.029
2452541.34051  16.718 0.036
2452557.29439  16.441 0.016
2452557.30096  16.519 0.016
2452557.31372  16.541 0.017
2452568.28155  17.001 0.052
2452568.29327  16.763 0.043
2452568.30077  16.683 0.041
2452569.28375  16.529 0.030
2452569.29137  16.451 0.029
2452569.29890  16.492 0.030
2452581.20957  16.993 0.024
2452581.21743  16.864 0.022
2452581.22387  16.722 0.020
2452581.23027  16.582 0.018
2452593.24293  16.464 0.020
2452593.25044  16.371 0.018
2452593.25797  16.351 0.018
2452593.26548  16.317 0.017
2452597.24467  16.965 0.056
2452597.25221  16.944 0.050
2452597.25971  16.630 0.038
2452751.56809  17.202 0.041
2452751.57557  17.196 0.066
2452754.57750  16.446 0.075
2452756.56545  17.128 0.042
2452756.57254  17.175 0.074
2452767.54173  16.326 0.014
2452770.53764  16.561 0.021
2452770.54512  16.551 0.024
2452771.52838  16.944 0.032
2452771.53587  16.721 0.027
2452771.54338  16.524 0.026
2452771.55048  16.787 0.041
2452775.52748  16.464 0.038
2452775.53503  16.462 0.038
2452775.54253  16.533 0.045
2452783.53395  16.886 0.041
2452792.50140  16.284 0.019
2452792.50924  16.524 0.026
2452794.48067  16.159 0.015
2452794.48852  16.187 0.014
2452794.49639  16.145 0.014
2452794.50419  16.113 0.014
2452796.50395  16.325 0.014
2452796.51218  16.277 0.015
2452798.50449  16.369 0.018
2452798.52808  16.147 0.026
2452823.50040  16.115 0.019
2452823.51310  16.177 0.020
2452823.52114  16.216 0.023
2452823.52912  16.298 0.029
2452825.47844  16.066 0.019
2452825.49337  16.142 0.019
2452826.43069  16.397 0.020
2452826.43564  16.392 0.019
2452826.44058  16.320 0.018
2452826.44553  16.326 0.018
2452838.49079  16.398 0.027
2452838.49794  16.524 0.032
2452838.50511  16.838 0.040
2452839.48478  16.414 0.024
2452839.49200  16.324 0.022
2452839.49919  16.325 0.023
2452839.50637  16.212 0.021
2452840.40152  17.270 0.039
2452840.40646  17.150 0.034
2452840.41140  16.986 0.030
2452842.37949  16.528 0.021
2452842.38468  16.561 0.022
2452842.38986  16.595 0.022
2452851.42577  16.848 0.029
2452852.43640  16.530 0.024
2452852.44159  16.446 0.020
2452852.44676  16.394 0.019
2452854.36551  16.386 0.019
2452854.37078  16.460 0.020
2452854.37619  16.528 0.020
2452854.38163  16.571 0.021
2452867.41400  16.221 0.021
2452867.42203  16.202 0.020
2452867.43023  16.139 0.020
2452867.43816  16.216 0.021
2452869.39178  16.582 0.028
2452869.39926  16.529 0.027
2452869.40676  16.482 0.025
2452870.36189  16.462 0.025
2452870.36821  16.457 0.024
2452870.37454  16.317 0.021
2452870.38086  16.324 0.022
2452890.32757  16.360 0.021
2452890.33467  16.397 0.022
2452890.34103  16.404 0.022
2452891.37308  16.862 0.031
2452891.38066  16.663 0.028
2452891.38816  16.670 0.027
2452906.30360  16.901 0.021
2452906.31123  16.962 0.022
2452906.31878  16.799 0.020
2452906.32676  16.635 0.017
2452908.30694  16.641 0.018
2452908.31477  16.814 0.020
2452908.32266  16.988 0.024
2452910.32264  16.399 0.015
2452910.33053  16.513 0.017
2452910.33842  16.626 0.019
2452910.34659  16.851 0.023
2452910.35448  16.938 0.024
2452911.31442  16.770 0.020
2452911.32192  16.558 0.018
2452911.32952  16.520 0.017
2452913.24415  16.387 0.016
2452913.25047  16.387 0.015
2452913.25680  16.314 0.015
2452913.26310  16.394 0.015
2452915.31155  16.442 0.017
2452915.31946  16.567 0.017
2452915.33515  16.993 0.024
2452917.26273  16.686 0.023
2452917.27022  16.563 0.023
2452921.25329  16.948 0.036
2452921.26109  17.128 0.042
2452921.26862  17.508 0.051
2452925.29567  16.929 0.037
2452925.30322  17.243 0.046
2452925.31094  17.439 0.056
2452926.28612  16.446 0.021
2452926.29369  16.452 0.021
2452926.30143  16.379 0.021
2452933.31040  16.317 0.013
2452933.31807  16.367 0.015
2452933.33349  16.550 0.020
2452946.28106  16.324 0.018
2452946.28873  16.301 0.018
2452946.29618  16.458 0.021
2452966.17446  16.687 0.019
2452966.18191  16.523 0.016
2452966.18935  16.611 0.017
2452966.19681  16.372 0.015
2452967.19373  16.661 0.020
2452968.17494  17.428 0.030
2452968.18042  17.421 0.028
2452968.19103  16.895 0.021
2453112.56691  16.640 0.018
2453148.52356  17.250 0.035
2453148.53088  17.019 0.034
2453193.43828  16.731 0.028
2453204.43114  16.646 0.023
2453204.44367  17.229 0.032
2453204.44925  17.192 0.032
2453205.49130  16.416 0.033
2453205.49810  16.451 0.032
2453205.50441  16.555 0.035
2453207.49324  16.353 0.025
2453207.49956  16.426 0.027
2453207.50587  16.342 0.025
2453208.50618  16.939 0.046
2453209.49904  16.484 0.026
2453212.42808  16.852 0.027
2453212.44071  16.696 0.025
2453212.44702  16.650 0.024
2453213.41924  16.379 0.021
2453213.42555  16.409 0.021
2453213.43185  16.460 0.021
2453213.43816  16.485 0.022
2453222.46158  16.503 0.029
2453225.34864  17.224 0.038
2453235.32856  17.221 0.043
2453249.38486  16.449 0.045
2453249.39978  16.479 0.043
2453249.40725  16.450 0.044
2453250.42234  17.160 0.069
2453251.43059  16.311 0.034
2453251.44556  16.305 0.035
2453252.35527  16.388 0.028
2453252.36319  16.372 0.027
2453252.37121  16.384 0.028
2453252.37924  16.409 0.028
2453266.25124  16.379 0.017
2453266.25805  16.346 0.016
2453266.26500  16.297 0.016
2453266.27204  16.406 0.017
2453267.29785  16.533 0.020
2453267.30431  16.411 0.018
2453267.31068  16.371 0.017
2453267.31706  16.350 0.017
2453283.27057  16.673 0.019
2453296.26556  16.651 0.024
2453296.27306  16.626 0.024
2453296.28057  16.579 0.023
2453307.26756  16.625 0.044
2453311.23114  16.735 0.026
2453311.23749  16.581 0.024
2453313.22498  17.349 0.027
2453313.23310  17.084 0.023
2453313.24100  16.789 0.019
2453313.24888  16.750 0.017
2453314.23619  16.394 0.014
2453314.24258  16.363 0.013
2453314.24900  16.329 0.014
2453314.25553  16.403 0.014
2453314.26198  16.462 0.015
2453315.25165  17.292 0.026
2453317.21379  16.434 0.017
2453317.21897  16.565 0.018
2453465.56423  16.745 0.024
2453620.37616  16.797 0.026
2453625.41428  16.548 0.021
2453625.41982  16.762 0.023
2453112.56163  16.561 0.018
2453209.50536  16.437 0.027
2453311.25022  16.457 0.024
2453652.21787  17.253 0.029
2453911.47739  16.589 0.022
2453911.48145  16.589 0.022
2453913.48886  16.548 0.023
2453913.49700  16.557 0.022
2453913.50108  16.552 0.022
2453951.44015  17.343 0.033
2453951.44831  17.146 0.029
2453966.46323  16.579 0.025
2453973.30588  16.646 0.021
2453973.31003  16.549 0.020
2453974.40014  16.583 0.023
2453974.40496  16.576 0.023
2453974.40978  16.521 0.022
2453974.41460  16.490 0.022
2453978.43173  16.551 0.020
2453978.43699  16.534 0.019
2453978.44227  16.542 0.020
2453997.41889  16.801 0.023
2453997.42530  16.832 0.025
2454022.27571  16.559 0.018
2454065.21681  16.661 0.019
2454116.17364  16.666 0.020
2454116.18645  16.594 0.018
2454116.19286  16.542 0.018
2453913.49293  16.501 0.021
2453973.31830  16.558 0.019
2454297.53879  16.663 0.032
2454324.47220  16.643 0.036
2454353.42101  16.526 0.017
2454380.28050  16.436 0.018
2454380.28806  16.506 0.020
2454418.34256  16.944 0.019
2454439.24393  16.799 0.019
2454444.18357  16.895 0.020
2454476.21263  16.598 0.021
2454632.37777  17.090 0.043
2454646.39883  17.088 0.035
2454647.42232  16.727 0.025
2454647.42646  16.582 0.023
2454647.43059  16.690 0.023
2454647.43474  16.691 0.025
2454690.36548  16.782 0.034
2454568.56860  16.611 0.025
2452933.32592  16.526 0.019
2455143.19991  17.327 0.032
2455501.21099  16.729 0.020
2456903.49337  17.633 0.040
2454759.22634  16.630 0.020
2454795.20308  16.875 0.019
2454795.21366  16.666 0.017
2454795.21895  16.567 0.017
2454802.27147  16.457 0.017
2454802.27676  16.456 0.017
2454802.28206  16.533 0.018
2454802.28739  16.545 0.018
2454925.56204  16.669 0.021
2454925.56550  16.659 0.020
2454925.56897  16.517 0.021
2454925.57243  16.590 0.020
2454936.49295  16.521 0.021
2454936.49938  16.505 0.023
2454936.51224  16.558 0.028
2454942.54294  16.632 0.021
2454966.51110  17.012 0.031
2454966.51684  16.858 0.030
2454966.52257  16.721 0.026
2454966.52831  16.677 0.025
2454970.43286  16.656 0.023
2454970.43928  16.501 0.021
2454970.44570  16.542 0.020
2454980.49647  16.723 0.024
2454983.46750  16.910 0.029
2454983.47278  17.208 0.031
2454983.47807  17.066 0.033
2454983.48336  17.262 0.037
2454999.43023  16.611 0.023
2454999.43506  16.553 0.021
2454999.44472  16.408 0.020
2455003.47456  16.646 0.023
2455003.47882  16.617 0.021
2455003.48310  16.535 0.021
2455003.48734  16.497 0.021
2455004.47612  16.807 0.031
2455004.48143  16.778 0.028
2455004.48670  16.954 0.032
2455004.49199  16.999 0.033
2455029.45198  17.269 0.056
2455042.37726  17.322 0.046
2455042.38368  17.416 0.048
2455042.39011  17.032 0.041
2455055.41898  16.707 0.028
2455060.46456  16.989 0.028
2455069.41334  16.619 0.026
2455072.40754  16.814 0.034
2455113.27676  17.306 0.040
2455113.28319  17.310 0.040
2455113.28962  17.137 0.035
2455113.29604  16.853 0.030
2455114.39256  16.525 0.024
2455129.26469  16.469 0.018
2455129.26997  16.569 0.019
2455129.27526  16.623 0.019
2455129.28055  16.660 0.020
2455143.20405  17.367 0.032
2455143.20820  17.337 0.031
2455143.21236  17.205 0.028
2454853.24903  16.741 0.027
2454970.45212  16.489 0.020
2455029.43913  17.413 0.064
2455055.42383  16.617 0.029
2455250.54700  16.567 0.020
2455333.53770  16.811 0.028
2455359.49893  16.672 0.029
2455359.50420  16.565 0.027
2455359.50949  16.813 0.033
2455359.51478  16.852 0.035
2455400.43184  16.447 0.031
2455400.43831  16.360 0.029
2455400.44478  16.499 0.032
2455400.45125  16.501 0.031
2455404.37852  16.853 0.048
2455404.38494  16.653 0.046
2455404.39137  16.874 0.051
2455421.48313  16.529 0.031
2455421.49901  16.653 0.033
2455423.42417  17.354 0.056
2455423.42991  17.187 0.050
2455423.43566  17.098 0.047
2455423.44140  16.922 0.041
2455430.27471  16.820 0.035
2455430.28766  17.225 0.052
2455431.32012  16.418 0.025
2455431.32658  16.379 0.025
2455431.33305  16.332 0.024
2455433.25943  17.204 0.059
2455433.26586  17.091 0.053
2455433.27228  17.018 0.049
2455433.27871  16.688 0.040
2455434.25788  16.365 0.028
2455434.26499  16.295 0.027
2455434.27210  16.413 0.029
2455434.27922  16.317 0.027
2455435.32872  16.553 0.030
2455435.33514  16.538 0.030
2455435.34799  16.421 0.028
2455436.28662  16.291 0.024
2455436.29871  16.421 0.026
2455436.30450  16.453 0.027
2455437.31894  16.872 0.036
2455437.32459  16.657 0.030
2455437.32990  16.604 0.028
2455437.33521  16.560 0.028
2455439.36401  16.573 0.027
2455439.36928  16.551 0.026
2455439.37457  16.491 0.025
2455439.37986  16.446 0.025
2455440.28182  17.168 0.039
2455440.29338  16.652 0.029
2455440.29918  16.591 0.027
2455443.27007  16.385 0.019
2455443.27604  16.329 0.018
2455444.26967  16.490 0.022
2455444.27541  16.472 0.021
2455444.28114  16.566 0.022
2455444.28688  16.719 0.024
2455445.22294  16.631 0.028
2455445.22823  16.804 0.026
2455445.23351  16.883 0.026
2455445.23881  16.955 0.027
2455446.22558  16.693 0.026
2455446.23203  16.521 0.021
2455446.23850  16.417 0.019
2455447.23336  16.380 0.020
2455447.24096  16.325 0.018
2455447.24856  16.438 0.020
2455447.25616  16.574 0.023
2455448.25048  16.535 0.024
2455448.25693  16.430 0.024
2455448.26339  16.434 0.023
2455448.26984  16.390 0.023
2455449.26874  16.690 0.027
2455450.21634  16.520 0.025
2455450.22390  16.724 0.026
2455450.23146  16.938 0.028
2455450.23911  17.066 0.031
2455451.21668  16.490 0.026
2455451.23180  16.401 0.022
2455451.23937  16.389 0.022
2455452.21166  16.348 0.027
2455452.21925  16.406 0.023
2455452.22684  16.397 0.021
2455452.23443  16.497 0.023
2455453.32872  16.968 0.033
2455454.20894  16.356 0.025
2455454.21639  16.404 0.021
2455454.22283  16.338 0.019
2455454.22927  16.395 0.020
2455455.20607  16.656 0.036
2455455.21373  16.890 0.033
2455455.22133  16.963 0.032
2455456.20688  16.338 0.027
2455456.21464  16.358 0.022
2455456.22243  16.344 0.021
2455456.23004  16.275 0.020
2455457.21808  16.421 0.024
2455457.22565  16.466 0.024
2455457.23321  16.670 0.028
2455457.24077  16.754 0.030
2455459.23254  16.462 0.035
2455460.23433  16.719 0.045
2455460.24196  16.638 0.043
2455460.24974  16.520 0.039
2455460.25741  16.416 0.036
2455463.23128  16.632 0.033
2455464.20992  16.536 0.027
2455464.21678  16.587 0.028
2455465.22541  17.137 0.049
2455465.23229  16.585 0.031
2455465.23917  16.566 0.033
2455468.25684  16.426 0.024
2455468.26420  16.512 0.025
2455468.27156  16.514 0.025
2455468.27894  16.631 0.027
2455468.28630  16.743 0.030
2455471.23843  16.545 0.021
2455475.27913  16.460 0.018
2455475.28601  16.538 0.020
2455475.29288  16.765 0.024
2455475.29977  16.984 0.028
2455482.23808  16.398 0.015
2455482.24454  16.338 0.014
2455482.25100  16.403 0.014
2455482.25744  16.379 0.014
2455486.19229  16.518 0.020
2455486.19985  16.626 0.021
2455486.20741  16.675 0.021
2455486.21498  16.854 0.025
2455493.21410  16.904 0.038
2455500.18743  16.530 0.016
2455500.19388  16.468 0.016
2455500.20035  16.492 0.017
2455500.20681  16.644 0.017
2455500.21351  16.531 0.017
2455500.21996  16.640 0.018
2455501.19169  17.266 0.028
2455501.19812  17.064 0.024
2455501.20454  17.023 0.024
2455502.20379  16.297 0.014
2455502.21022  16.314 0.014
2455502.21663  16.358 0.015
2455502.22306  16.401 0.015
2455503.18423  16.723 0.019
2455503.18953  16.757 0.022
2455503.19484  17.004 0.023
2455503.20570  17.347 0.028
2455503.21101  17.475 0.030
2455503.21632  17.350 0.028
2455503.22162  17.153 0.026
2455503.22693  17.005 0.023
2455435.34156  16.437 0.028
2455440.28758  16.969 0.034
2455446.24496  16.426 0.020
2455451.22424  16.456 0.023
2455455.22894  17.011 0.035
2455464.20306  16.526 0.028
2455468.24948  16.390 0.023
2455483.26258  17.527 0.034
2455505.22918  17.025 0.025
2455505.23677  17.035 0.024
2455505.24437  16.948 0.023
2455505.25197  16.777 0.020
2455506.18404  17.174 0.032
2455506.19160  16.989 0.029
2455507.17872  16.374 0.016
2455507.18401  16.399 0.016
2455507.18930  16.383 0.016
2455507.19459  16.392 0.016
2455508.18379  16.904 0.024
2455508.18909  16.963 0.026
2455508.19439  17.177 0.029
2455508.19968  17.369 0.033
2455511.20145  16.561 0.021
2455511.20677  16.519 0.020
2455511.21207  16.421 0.019
2455511.21739  16.453 0.019
2455512.20490  16.677 0.028
2455512.21246  16.610 0.026
2455512.22001  16.904 0.036
2455512.22757  16.974 0.034
2455512.23514  17.166 0.040
2455513.18063  17.346 0.047
2455514.15952  16.464 0.018
2455514.16640  16.373 0.017
2455514.17328  16.293 0.016
2455514.18015  16.321 0.016
2455515.16063  16.378 0.019
2455515.16592  16.380 0.020
2455515.17121  16.439 0.021
2455515.17651  16.487 0.021
2455516.15982  17.315 0.039
2455516.16720  17.160 0.036
2455517.20809  16.698 0.035
2455517.21566  16.777 0.038
2455517.22322  16.860 0.037
2455517.23078  17.000 0.041
2455518.17192  17.317 0.065
2455518.17845  17.181 0.058
2455518.18499  17.022 0.051
2455520.18207  16.810 0.038
2455520.18964  16.915 0.042
2455520.19720  17.061 0.047
2455520.20477  16.774 0.040
2455534.19600  16.985 0.030
2455534.20356  17.258 0.041
2455538.15961  16.460 0.016
2455538.16604  16.404 0.015
2455538.17247  16.369 0.015
2455538.17889  16.335 0.014
2455539.18420  16.977 0.024
2455554.17926  16.734 0.021
2455554.18682  16.594 0.021
2455554.19438  16.507 0.021
2455554.20195  16.490 0.020
2455555.17047  16.475 0.021
2455568.18625  16.994 0.023
2455568.19336  16.827 0.021
2455568.20047  16.633 0.018
2455568.20757  16.534 0.016
2455568.21469  16.493 0.016
2455616.23234  16.519 0.019
2455616.23990  16.387 0.019
2455616.24747  16.498 0.020
2455616.25504  16.421 0.019
2455635.61068  16.749 0.021
2455709.48059  16.523 0.021
2455709.48981  16.432 0.020
2455709.49441  16.488 0.020
2455737.44361  16.643 0.025
2455737.44890  16.730 0.024
2455737.45419  16.833 0.026
2455749.42242  16.659 0.021
2455749.42772  16.630 0.022
2455750.52504  16.939 0.032
2455750.53033  17.013 0.038
2455751.42644  16.260 0.018
2455751.43218  16.380 0.018
2455751.43793  16.479 0.018
2455751.44367  16.538 0.019
2455766.38578  16.559 0.020
2455766.39106  16.480 0.020
2455766.39634  16.504 0.020
2455766.40163  16.589 0.021
2455767.47520  16.522 0.024
2455767.48578  16.563 0.025
2455767.49107  16.573 0.026
2455777.42700  16.501 0.023
2455777.43228  16.482 0.020
2455777.43757  16.466 0.020
2455777.44287  16.537 0.022
2455778.52457  16.465 0.018
2455778.52985  16.383 0.018
2455778.53514  16.485 0.019
2455778.54043  16.466 0.019
2455780.41722  16.551 0.021
2455780.42183  16.569 0.020
2455780.42644  16.598 0.020
2455781.43795  16.913 0.025
2455781.44630  16.663 0.023
2455782.43122  16.576 0.022
2455782.43559  16.578 0.023
2455782.43998  16.642 0.024
2455792.39450  16.545 0.024
2455792.40025  16.453 0.023
2455792.40599  16.507 0.024
2455792.41173  16.505 0.024
2455793.36351  16.552 0.026
2455793.36879  16.609 0.025
2455793.37934  16.766 0.028
2455795.45380  16.755 0.029
2455795.45908  16.649 0.027
2455795.46437  16.616 0.025
2455795.46965  16.587 0.026
2455796.37336  17.496 0.039
2455807.36594  16.497 0.021
2455807.37041  16.520 0.021
2455807.37487  16.544 0.022
2455808.41501  16.411 0.019
2455808.42134  16.351 0.018
2455808.42770  16.328 0.018
2455808.43403  16.257 0.016
2455809.46793  16.962 0.029
2455809.47241  16.747 0.025
2455809.47688  16.798 0.026
2455809.48134  16.760 0.026
2455819.33829  16.427 0.038
2455819.34369  16.538 0.047
2455819.35449  16.284 0.029
2455821.30268  17.457 0.058
2455821.31226  17.321 0.056
2455509.25049  16.728 0.025
2455513.17419  17.226 0.043
2455518.16351  17.172 0.058
2455567.19640  16.525 0.017
2455737.45947  17.041 0.031
2455767.48049  16.518 0.025
2455793.37406  16.700 0.026
2455807.36147  16.456 0.020
2456101.50780  16.887 0.042
2456101.51332  17.044 0.049
2456101.51884  17.294 0.058
2456101.52435  17.525 0.075
2456129.44453  17.103 0.041
2456130.40660  16.750 0.036
2456130.41809  16.614 0.031
2456143.38053  16.646 0.041
2456144.42487  16.592 0.045
2456144.43217  16.724 0.050
2456144.43927  16.567 0.046
2456144.44638  16.643 0.045
2456183.43479  16.406 0.019
2456183.44235  16.442 0.019
2456183.44991  16.590 0.021
2456183.45748  16.697 0.023
2456200.28244  16.715 0.050
2456202.24342  16.805 0.043
2456202.24985  16.598 0.037
2456202.25629  16.583 0.038
2456472.49916  16.691 0.036
2456472.50491  16.584 0.034
2456472.51066  16.631 0.034
2456484.46375  17.016 0.029
2456484.46904  16.910 0.026
2456486.45139  16.900 0.030
2456486.45578  17.074 0.031
2456501.39411  16.628 0.027
2456501.39941  16.772 0.029
2456501.40471  16.788 0.029
2456511.50536  16.566 0.023
2456511.51020  16.706 0.025
2456511.51505  16.771 0.026
2456511.51989  16.944 0.029
2456514.34086  16.741 0.026
2456514.34615  16.847 0.028
2456514.35144  16.822 0.027
2456514.35674  17.075 0.032
2456589.25030  16.580 0.015
2456592.24930  16.666 0.017
2456592.25500  16.784 0.019
2456592.26559  17.181 0.024
2456612.37874  16.925 0.038
2456612.38515  16.901 0.035
2456612.39158  16.751 0.033
2456612.39800  16.637 0.031
2456818.47063  17.033 0.036
2456818.47593  16.902 0.032
2456818.48123  16.745 0.029
2456818.48652  16.627 0.026
2456841.47237  16.937 0.026
2456869.52970  17.110 0.034
2456869.54117  17.201 0.037
2456884.45040  16.700 0.030
2456898.44493  16.425 0.017
2456898.45069  16.425 0.017
2456898.46218  16.433 0.018
2456900.37203  16.721 0.021
2456900.37685  16.764 0.022
2456900.38169  17.036 0.026
2456900.38653  17.196 0.028
2456901.41792  16.559 0.019
2456901.42851  16.653 0.021
2456901.43380  16.676 0.021
2456903.48416  17.152 0.030
2456908.29592  16.595 0.035
2456908.30235  16.473 0.034
2456908.30878  16.591 0.037
2456908.31522  16.566 0.036
2456911.41022  16.689 0.045
2456911.41666  16.721 0.042
2456911.42308  16.755 0.044
2456202.26275  16.606 0.039
2456589.23516  16.540 0.015
2456913.45740  17.126 0.037
2456913.46315  17.389 0.045
2456913.46890  17.547 0.050
2456915.43375  16.507 0.020
2456915.43996  16.452 0.020
2456915.44616  16.573 0.022
2456915.45236  16.629 0.023
2456939.23318  17.210 0.051
2456939.23849  16.963 0.043
2456941.27831  16.702 0.028
2456941.28224  16.676 0.028
2457222.38753  16.923 0.025
2457222.39258  16.980 0.026
2457222.39765  17.025 0.026
2457222.40271  17.118 0.028
2457224.48557  16.702 0.021
2457224.48904  16.715 0.021
2457224.49251  16.631 0.020
2457232.51854  17.277 0.038
2457232.52430  17.038 0.031
2457232.53004  16.957 0.029
2457245.47467  16.954 0.030
2457245.47996  16.827 0.026
2457245.48525  16.849 0.026
2457245.49053  16.824 0.026
2457248.48602  16.629 0.022
2457248.49131  16.629 0.023
2457248.49660  16.696 0.024
2457249.47496  16.987 0.027
2457250.40776  16.724 0.026
2457250.41306  16.765 0.025
2457250.42364  17.116 0.031
2457259.48405  17.029 0.026
2457259.49050  16.964 0.024
2457259.49692  16.872 0.023
2457259.50335  16.764 0.022
2457265.42425  16.753 0.037
2457265.43711  16.694 0.037
2457281.25191  16.564 0.018
2457283.32531  17.366 0.032
2457283.33037  17.225 0.028
2457285.34049  17.210 0.032
2457285.34578  17.248 0.032
2457285.35109  17.122 0.029
2457285.35638  16.933 0.026
2457304.25792  16.615 0.015
2457305.44093  17.124 0.022
2457305.45379  16.848 0.017
2457305.46022  16.674 0.016
2457331.20290  16.879 0.020
2457332.25250  17.416 0.027
2457332.25757  17.095 0.024
2457332.26264  17.124 0.022
2457332.26772  17.005 0.020
2457373.29549  16.640 0.015
2457373.30191  16.450 0.015
2457373.31476  16.519 0.015
2457418.65875  17.158 0.040
2457481.54011  16.363 0.014
2457481.54585  16.392 0.015
2457481.55160  16.436 0.015
2457481.55735  16.424 0.015
2457495.54390  16.272 0.015
2457495.54897  16.305 0.015
2457495.55404  16.306 0.015
2457495.55911  16.309 0.015
2457495.56418  16.371 0.017
2457496.49109  16.236 0.019
2457496.49728  16.264 0.018
2457496.50349  16.322 0.019
2457496.50969  16.323 0.018
2457516.52397  16.907 0.020
2457516.52974  16.779 0.018
2457517.53190  16.395 0.014
2457517.53834  16.491 0.016
2457544.43688  16.709 0.019
2457572.45678  17.134 0.034
2457572.46254  16.868 0.031
2457585.44426  16.363 0.023
2457585.45069  16.389 0.023
2457585.45712  16.421 0.023
2457585.46356  16.350 0.022
2457586.42990  16.791 0.035
2457586.43542  16.858 0.037
2457586.44094  17.051 0.042
2457596.51689  16.555 0.026
2457599.42886  16.556 0.028
2457599.43528  16.477 0.025
2457599.44170  16.471 0.026
2457599.44814  16.390 0.024
2457599.45456  16.398 0.024
2457600.45990  16.954 0.039
2457600.46632  17.263 0.046
2457600.47276  17.207 0.046
2457600.47919  17.048 0.039
2457601.53534  16.987 0.045
2457601.54292  17.403 0.061
2457610.44681  17.172 0.046
2457610.45323  17.117 0.042
2457610.45965  16.899 0.036
2457610.46607  16.759 0.033
2457610.47249  16.668 0.030
2457611.42281  16.535 0.029
2457611.42924  16.503 0.030
2457611.43565  16.386 0.026
2457612.45345  16.756 0.033
2457612.45987  16.747 0.030
2457612.47271  17.026 0.039
2457612.47912  16.914 0.035
2457615.39597  16.446 0.023
2457615.40240  16.469 0.023
2457615.40882  16.582 0.025
2457615.41525  16.675 0.027
2457615.42168  16.926 0.033
2457625.49617  16.593 0.028
2457625.50259  16.536 0.026
2457625.50901  16.617 0.028
2457625.51543  16.728 0.030
2457627.44059  17.088 0.028
2457627.44700  16.928 0.025
2457627.45344  16.787 0.023
2457627.45985  16.635 0.021
2457628.41722  16.468 0.020
2457628.42780  16.436 0.020
2457628.43310  16.441 0.020
2457630.33979  16.465 0.024
2457630.34621  16.441 0.023
2457630.35265  16.482 0.025
2457630.35908  16.521 0.026
2457638.41759  16.625 0.020
2457638.42290  16.523 0.019
2457638.42819  16.589 0.020
2457638.43346  16.628 0.021
2457639.41126  16.935 0.030
2457639.41702  17.176 0.035
2457639.42276  17.359 0.040
2457639.42849  17.310 0.038
2457640.29336  16.706 0.022
2456913.45167  16.783 0.030
2457224.49599  16.698 0.021
2457265.41783  16.870 0.043
2457283.33544  16.910 0.023
2457516.53550  16.650 0.017
2457586.42439  16.679 0.035
2457601.52777  16.919 0.042
2457628.42251  16.482 0.020
2457640.30166  16.583 0.021
2457641.35476  16.508 0.023
2457643.47968  16.920 0.025
2457643.48611  16.785 0.023
2457643.49254  16.724 0.021
2457643.49896  16.665 0.019
2457655.24031  16.559 0.017
2457655.24537  16.644 0.017
2457656.24898  16.721 0.020
2457656.25426  16.934 0.022
2457656.26484  17.054 0.025
2457657.32761  16.731 0.021
2457657.33290  16.781 0.020
2457657.33819  16.935 0.023
2457657.34347  17.118 0.025
2457657.34876  17.179 0.027
