2452309.65888  17.260 0.037
2452309.66403  17.154 0.052
2452316.63305  18.055 0.039
2452316.63882  17.732 0.029
2452316.64651  17.640 0.030
2452316.65425  17.576 0.049
2452322.60540  17.186 0.015
2452322.61308  17.250 0.016
2452322.62074  17.145 0.015
2452322.62842  17.110 0.015
2452369.53822  17.770 0.037
2452369.54463  18.056 0.058
2452386.49332  17.197 0.017
2452386.50085  17.222 0.017
2452387.50386  17.454 0.026
2452387.51148  17.465 0.029
2452387.52426  17.284 0.044
2452388.49978  17.196 0.028
2452388.50724  17.328 0.030
2452388.51360  17.279 0.029
2452388.51999  17.363 0.038
2452403.46325  17.024 0.017
2452403.47080  17.146 0.017
2452403.47831  17.150 0.018
2452405.50170  17.056 0.041
2452412.46852  16.948 0.026
2452412.47611  16.949 0.025
2452412.48362  16.813 0.024
2452417.45085  17.180 0.027
2452417.46609  17.105 0.023
2452428.44928  17.645 0.046
2452428.45689  17.744 0.056
2452440.41843  17.026 0.026
2452440.42482  17.132 0.025
2452440.43122  17.116 0.028
2452445.41262  17.396 0.048
2452445.42014  17.200 0.039
2452446.41320  17.022 0.041
2452446.42842  16.937 0.035
2452464.38246  16.924 0.045
2452464.39021  17.002 0.042
2452464.39777  17.106 0.048
2452464.40545  17.090 0.046
2452466.46323  17.974 0.146
2452387.51786  17.456 0.034
2452417.45839  17.240 0.027
2452466.47121  18.044 0.153
2452484.34033  16.972 0.041
2452501.24964  18.162 0.115
2452539.32272  17.390 0.076
2452568.29889  17.395 0.084
2452596.27012  17.570 0.109
2452771.52650  17.790 0.071
2452796.50183  17.135 0.027
2452838.48891  17.117 0.063
2452852.43512  17.320 0.045
2452870.36662  17.182 0.041
2452910.32859  17.331 0.029
2452917.28325  17.430 0.050
2452466.47882  17.531 0.101
2452470.36420  17.595 0.080
2452470.37188  17.669 0.075
2452470.37982  17.640 0.072
2452470.38735  17.284 0.053
2452472.44009  17.277 0.056
2452472.44764  17.192 0.045
2452472.45518  17.153 0.045
2452472.46272  17.119 0.043
2452474.46250  16.833 0.043
2452474.47015  16.965 0.043
2452474.47766  17.240 0.052
2452474.48533  16.892 0.046
2452478.40259  17.019 0.061
2452484.32515  17.026 0.046
2452484.33269  16.892 0.040
2452484.34785  17.148 0.046
2452486.37362  17.057 0.055
2452486.38144  17.225 0.060
2452486.38911  17.163 0.060
2452486.39673  17.545 0.081
2452491.40650  17.676 0.070
2452491.41401  17.542 0.058
2452491.42241  17.323 0.047
2452491.43117  17.270 0.044
2452501.24317  18.600 0.155
2452501.26273  17.570 0.046
2452528.23047  17.440 0.072
2452528.24042  17.585 0.068
2452528.24915  17.461 0.061
2452528.26434  17.346 0.060
2452530.35506  18.434 0.117
2452530.37250  17.819 0.059
2452533.34882  17.365 0.055
2452533.35749  17.493 0.053
2452533.36628  17.413 0.047
2452537.27737  17.137 0.051
2452537.28478  17.332 0.058
2452537.29116  17.231 0.054
2452537.29759  17.338 0.058
2452539.31636  17.319 0.072
2452539.32918  17.352 0.077
2452539.33558  17.234 0.069
2452540.27007  17.453 0.059
2452540.27652  17.284 0.052
2452540.28291  17.349 0.056
2452540.28930  17.502 0.064
2452541.33893  17.385 0.068
2452541.34533  17.503 0.069
2452541.35172  17.454 0.068
2452541.35808  17.446 0.066
2452557.29280  17.246 0.026
2452557.29937  17.293 0.026
2452557.30574  17.337 0.026
2452557.31213  17.302 0.026
2452568.27967  17.658 0.099
2452568.28764  17.697 0.125
2452568.29139  17.564 0.093
2452569.27413  17.323 0.064
2452569.28187  17.316 0.064
2452569.28949  17.341 0.067
2452569.29702  17.288 0.065
2452581.20798  17.705 0.037
2452581.21585  17.678 0.035
2452581.22227  17.603 0.032
2452581.22868  17.452 0.027
2452593.24106  17.374 0.038
2452593.24857  17.279 0.035
2452593.25609  17.316 0.036
2452593.26360  17.295 0.035
2452594.21608  17.497 0.062
2452594.22364  17.456 0.056
2452594.23130  17.569 0.056
2452594.23881  17.619 0.082
2452596.26259  17.692 0.131
2452596.27766  17.753 0.129
2452596.28527  18.242 0.199
2452597.24279  17.822 0.124
2452597.25033  17.769 0.111
2452597.25784  17.595 0.090
2452751.56622  18.000 0.100
2452751.57369  18.182 0.209
2452754.56813  17.591 0.110
2452756.56357  18.033 0.122
2452767.53985  17.006 0.027
2452767.54753  17.147 0.040
2452767.55496  17.255 0.080
2452770.53577  17.216 0.042
2452770.54324  17.138 0.048
2452770.55073  17.687 0.120
2452771.53400  17.405 0.055
2452771.54151  17.412 0.067
2452771.54889  17.631 0.116
2452775.52560  17.081 0.079
2452775.53315  17.093 0.076
2452775.54065  17.341 0.105
2452783.53207  17.626 0.100
2452783.53883  17.742 0.164
2452792.49935  17.236 0.039
2452792.50719  17.383 0.050
2452792.51506  17.304 0.053
2452794.47861  17.141 0.032
2452794.48646  17.137 0.028
2452794.49433  17.190 0.028
2452794.50214  17.095 0.028
2452796.51005  17.096 0.028
2452798.50244  17.316 0.047
2452798.51031  17.166 0.041
2452798.51816  17.122 0.047
2452798.52603  17.081 0.070
2452823.49828  17.156 0.043
2452823.51099  17.128 0.044
2452823.51902  17.256 0.057
2452823.52703  17.260 0.074
2452825.47639  17.088 0.044
2452825.48386  17.118 0.041
2452825.49132  17.296 0.048
2452825.49878  17.184 0.047
2452826.42939  17.247 0.041
2452826.43434  17.238 0.035
2452826.43928  17.194 0.032
2452826.44424  17.230 0.034
2452838.49607  17.362 0.074
2452838.50323  17.422 0.075
2452839.48291  17.229 0.054
2452839.49013  17.155 0.047
2452839.49732  17.227 0.048
2452839.50449  17.030 0.042
2452840.40022  18.285 0.093
2452840.40518  17.931 0.061
2452840.41012  17.866 0.060
2452842.37820  17.327 0.046
2452842.38338  17.364 0.040
2452842.38857  17.413 0.043
2452851.42446  17.543 0.057
2452851.43514  17.937 0.067
2452851.44041  18.137 0.085
2452852.44029  17.299 0.037
2452852.44548  17.229 0.034
2452854.36422  17.322 0.040
2452854.36949  17.358 0.038
2452854.37491  17.431 0.041
2452854.38035  17.433 0.040
2452867.41206  16.946 0.049
2452867.42008  16.978 0.042
2452867.42829  16.951 0.041
2452867.43622  16.933 0.043
2452868.39009  17.503 0.201
2452869.38243  17.590 0.081
2452869.38991  17.555 0.066
2452869.39736  17.363 0.053
2452869.40489  17.208 0.049
2452870.37927  17.209 0.042
2452890.32570  17.150 0.040
2452890.33308  17.250 0.043
2452890.33945  17.312 0.045
2452891.37121  17.535 0.062
2452891.37879  17.473 0.058
2452891.38629  17.283 0.050
2452906.30173  17.601 0.043
2452906.30934  17.651 0.038
2452906.31690  17.642 0.036
2452906.32483  17.353 0.028
2452908.29729  17.260 0.030
2452908.30496  17.326 0.029
2452908.31279  17.523 0.035
2452908.32067  17.742 0.042
2452910.32071  17.156 0.027
2452910.33646  17.453 0.033
2452910.34463  17.730 0.041
2452910.35253  17.733 0.042
2452911.31255  17.619 0.045
2452911.32005  17.470 0.036
2452913.24256  17.228 0.028
2452913.24889  17.248 0.025
2452913.25521  17.183 0.024
2452913.26152  17.195 0.024
2452915.30961  17.285 0.028
2452915.31751  17.424 0.029
2452915.32535  17.618 0.032
2452915.33321  17.827 0.040
2452917.26085  17.420 0.044
2452917.26835  17.339 0.040
2452917.27580  17.402 0.047
2452921.25141  17.791 0.083
2452921.25920  17.896 0.091
2452921.26675  18.363 0.132
2452921.27441  18.103 0.104
2452925.29379  17.670 0.069
2452925.30134  17.878 0.085
2452925.30906  18.032 0.102
2452926.28425  17.347 0.043
2452926.29183  17.254 0.040
2452926.29954  17.252 0.040
2452933.30852  17.173 0.018
2452933.31619  17.163 0.018
2452933.32404  17.334 0.029
2452933.33156  17.301 0.028
2452946.27918  17.160 0.031
2452946.28685  17.166 0.031
2452946.29431  17.200 0.033
2452966.18004  17.389 0.023
2452966.18748  17.225 0.021
2452966.19493  17.187 0.020
2452967.18062  17.377 0.027
2452967.18465  17.382 0.026
2452967.18869  17.410 0.027
2452967.19273  17.453 0.028
2452968.17359  18.300 0.046
2452968.17908  18.066 0.039
2452968.18456  17.938 0.037
2452968.18975  17.848 0.034
2452977.17631  17.628 0.051
2452977.18343  17.771 0.057
2452977.19005  18.104 0.074
2452977.19670  18.228 0.080
2452984.18251  17.626 0.060
2452984.18794  17.666 0.069
2452984.19604  17.887 0.083
2452998.17328  17.376 0.029
2452998.17985  17.334 0.024
2452998.18644  17.394 0.026
2452998.19306  17.511 0.044
2453087.60096  17.972 0.056
2453087.60500  18.199 0.084
2453087.60904  18.065 0.102
2453098.48739  17.654 0.071
2453098.49256  17.829 0.079
2453098.49775  17.669 0.071
2453098.50292  18.255 0.111
2453112.56034  17.458 0.030
2453112.56562  17.367 0.032
2453112.57080  17.419 0.044
2453112.57604  17.432 0.067
2453115.55688  17.314 0.025
2453115.56724  17.347 0.039
2453134.51354  17.686 0.099
2453134.51873  17.830 0.112
2453134.52390  18.011 0.108
2453134.52908  17.680 0.078
2453148.52192  18.061 0.077
2453148.52924  17.983 0.093
2453148.53602  17.683 0.107
2453148.54329  17.681 0.201
2453193.43181  17.480 0.062
2453193.43698  17.349 0.051
2453193.44217  17.327 0.049
2453196.38122  17.806 0.069
2453196.38639  17.697 0.058
2453196.39158  17.555 0.052
2453196.39675  17.523 0.050
2453204.42949  17.503 0.052
2453204.44229  17.901 0.060
2453204.44790  17.906 0.060
2453205.48971  16.647 0.053
2453205.49652  17.284 0.080
2453205.50284  17.382 0.074
2453207.49167  17.094 0.059
2453207.49798  17.229 0.059
2453207.50430  17.303 0.060
2453208.49196  18.293 0.203
2453208.49828  17.953 0.141
2453208.50460  18.018 0.134
2453209.49746  17.314 0.072
2453209.50379  17.285 0.062
2453209.51009  17.107 0.056
2453210.47117  17.351 0.096
2453210.47748  17.343 0.083
2453210.48380  17.514 0.092
2453212.43281  17.647 0.060
2453212.43912  17.594 0.057
2453212.44543  17.456 0.052
2453213.41765  17.210 0.046
2453213.42396  17.261 0.041
2453213.43027  17.254 0.042
2453213.43659  17.390 0.046
2453222.45996  17.157 0.058
2453222.46670  17.216 0.058
2453222.47338  17.440 0.096
2453222.48020  17.321 0.076
2453225.33440  17.768 0.093
2453225.34071  17.804 0.078
2453225.34704  18.127 0.106
2453225.35342  17.720 0.072
2453235.32697  17.814 0.108
2453235.33328  17.691 0.074
2453235.34593  17.417 0.061
2453239.38481  17.695 0.078
2453239.38998  17.708 0.158
2453239.39516  17.359 0.061
2453239.40034  17.265 0.052
2453247.26244  17.140 0.075
2453247.26875  17.212 0.078
2453247.27507  17.266 0.080
2453249.38299  17.321 0.129
2453249.39044  17.421 0.124
2453249.39791  17.028 0.083
2453249.40537  17.080 0.088
2453250.40550  17.701 0.163
2453251.42872  17.201 0.089
2453251.43621  17.224 0.084
2453252.35332  17.208 0.068
2453252.36124  17.197 0.060
2453252.36933  17.299 0.066
2453252.37729  17.227 0.061
2453261.32041  17.977 0.044
2453261.32378  18.034 0.044
2453261.32713  18.172 0.048
2453261.33050  18.163 0.049
2453262.28939  17.948 0.043
2453262.29349  17.735 0.035
2453262.29761  17.598 0.033
2453262.30176  17.589 0.033
2453263.32927  17.691 0.038
2453263.33331  17.795 0.037
2453263.33735  17.905 0.042
2453263.34139  18.076 0.046
2453264.36486  17.375 0.031
2453264.37295  17.301 0.028
2453264.37700  17.423 0.032
2453266.24963  17.191 0.029
2453266.25640  17.139 0.027
2453266.26335  17.189 0.028
2453266.27040  17.205 0.029
2453267.29626  17.381 0.041
2453267.30910  17.263 0.033
2453267.31548  17.219 0.031
2453277.25413  18.054 0.191
2453277.25817  17.857 0.153
2453277.26225  17.860 0.173
2453277.26629  17.819 0.179
2453278.23243  17.437 0.097
2453278.23880  17.359 0.086
2453278.24526  17.492 0.094
2453283.26891  17.481 0.032
2453283.27570  17.617 0.033
2453283.28784  17.799 0.042
2453283.29450  17.943 0.049
2453296.26368  17.745 0.059
2453296.27118  17.420 0.041
2453296.27869  17.447 0.044
2453303.21682  17.590 0.062
2453303.22428  17.795 0.077
2453303.23174  18.135 0.099
2453303.23919  18.113 0.103
2453306.24037  17.720 0.114
2453306.24836  17.399 0.090
2453306.25637  17.384 0.092
2453306.26443  17.499 0.103
2453307.26597  17.354 0.090
2453307.27215  17.689 0.108
2453307.28102  18.089 0.153
2453309.23555  17.367 0.064
2453309.24073  17.427 0.069
2453309.24590  17.378 0.065
2453309.25109  17.488 0.073
2453310.22301  17.535 0.055
2453310.22820  17.785 0.060
2453310.23337  17.666 0.057
2453310.23856  18.038 0.092
2453311.23592  17.486 0.043
2453311.24227  17.384 0.041
2453311.24864  17.372 0.043
2453313.22305  18.055 0.038
2453313.23116  17.870 0.032
2453313.23905  17.755 0.029
2453313.24695  17.459 0.023
2453314.24100  17.206 0.018
2453314.24741  17.235 0.018
2453314.25395  17.277 0.019
2453314.26041  17.307 0.020
2453315.24999  18.164 0.040
2453315.25688  17.867 0.033
2453315.26366  17.649 0.028
2453315.27040  17.545 0.028
2453317.20212  17.325 0.026
2453317.20731  17.278 0.024
2453317.21249  17.277 0.024
2453317.21768  17.326 0.024
2453318.21557  18.210 0.059
2453318.22204  17.872 0.048
2453318.22866  17.658 0.041
2453318.23503  17.761 0.045
2453329.21021  17.302 0.036
2453329.22292  17.489 0.042
2453329.22927  17.542 0.044
2453331.21501  17.527 0.055
2453331.22133  17.492 0.056
2453331.22765  17.478 0.052
2453331.23397  17.482 0.050
2453332.21925  18.172 0.095
2453332.22573  18.376 0.118
2453332.23210  18.523 0.141
2453332.23847  18.152 0.206
2453355.14467  18.414 0.086
2453355.14987  18.051 0.058
2453355.15508  17.948 0.051
2453355.16030  17.868 0.041
2453358.17934  17.438 0.041
2453358.18685  17.564 0.043
2453358.19440  17.504 0.046
2453365.18255  17.384 0.077
2453365.18831  17.348 0.078
2453365.19351  17.505 0.088
2453459.59025  18.197 0.131
2453459.59547  18.491 0.210
2453465.56328  17.489 0.035
2453465.56713  17.455 0.035
2453465.57099  17.437 0.034
2453465.57483  17.411 0.035
2453487.54368  17.699 0.063
2453487.54663  17.557 0.059
2453487.54956  17.502 0.058
2453487.55251  17.665 0.065
2453508.50310  17.655 0.039
2453508.50559  17.619 0.036
2453508.50808  17.702 0.038
2453508.51057  17.869 0.051
2453564.43700  17.677 0.045
2453564.44112  17.873 0.055
2453564.44487  17.866 0.052
2453570.45940  17.428 0.056
2453570.46235  17.417 0.050
2453570.46530  17.417 0.046
2453570.46825  17.388 0.045
2453570.47121  17.391 0.047
2453578.48530  18.300 0.108
2453578.48832  18.135 0.087
2453578.49085  18.629 0.134
2453578.49337  18.394 0.119
2453581.41041  17.505 0.062
2453581.41290  17.499 0.055
2453581.41540  17.583 0.058
2453581.41788  17.699 0.063
2453582.42626  17.524 0.064
2453582.43125  17.499 0.051
2453582.43374  17.430 0.052
2453584.36783  17.458 0.063
2453584.37008  17.423 0.058
2453584.37235  17.556 0.057
2453584.37463  17.419 0.054
2453584.37690  17.407 0.052
2453593.41794  17.641 0.040
2453593.42118  17.669 0.041
2453593.42441  17.814 0.045
2453597.37107  17.863 0.091
2453597.37402  17.825 0.068
2453597.37697  17.843 0.074
2453597.37992  17.712 0.070
2453606.36140  17.843 0.084
2453606.36435  18.025 0.084
2453606.37025  17.947 0.081
2453607.43082  17.726 0.107
2453607.43382  17.877 0.107
2453607.43637  17.898 0.115
2453607.43896  17.817 0.106
2453610.40335  17.595 0.071
2453610.40582  17.743 0.079
2453610.40776  17.800 0.077
2453610.40982  17.754 0.078
2453611.37612  18.504 0.083
2453611.37919  18.241 0.069
2453611.38169  18.165 0.069
2453611.38424  18.137 0.064
2453620.37515  17.541 0.051
2453620.37920  17.773 0.053
2453620.38218  17.840 0.061
2453620.38474  17.880 0.065
2453621.36813  17.672 0.061
2453621.37112  17.609 0.063
2453621.37415  17.651 0.061
2453622.35031  17.525 0.046
2453622.35325  17.486 0.039
2453622.35621  17.541 0.040
2453622.35916  17.418 0.037
2453625.41291  17.542 0.048
2453625.41873  17.542 0.045
2453625.42324  17.551 0.046
2453625.42712  17.573 0.049
2453634.20742  17.512 0.098
2453634.21059  17.465 0.072
2453634.21426  17.172 0.059
2453634.21793  17.443 0.070
2453642.29540  17.604 0.107
2453642.30133  17.509 0.071
2453644.28029  17.872 0.060
2453644.28255  17.750 0.051
2453644.28481  17.662 0.048
2453644.28707  17.611 0.048
2453648.29497  18.259 0.060
2453648.29799  18.375 0.064
2453648.30093  18.322 0.062
2453648.30396  18.327 0.066
2453649.27834  17.590 0.057
2453649.28131  17.547 0.048
2453649.28430  17.593 0.052
2453649.28727  17.608 0.052
2453650.32783  18.301 0.075
2453650.33080  18.096 0.057
2453650.33376  17.976 0.056
2453650.33673  17.926 0.051
2452984.19199  17.901 0.083
2453115.56206  17.282 0.028
2453204.43633  17.732 0.055
2453212.42650  17.705 0.070
2453235.33960  17.567 0.072
2453251.44368  17.070 0.072
2453264.36890  17.349 0.030
2453278.25162  17.220 0.079
2453307.27685  18.007 0.141
2453314.23461  17.179 0.018
2453329.21656  17.363 0.036
2453365.17714  17.461 0.078
2453564.43335  17.611 0.050
2453582.42876  17.586 0.057
2453606.36731  17.862 0.075
2453621.36511  17.878 0.083
2453651.31203  17.520 0.041
2453651.31542  17.384 0.038
2453651.31871  17.497 0.040
2453652.20857  18.060 0.058
2453652.21272  18.055 0.056
2453652.21687  17.959 0.052
2453652.22102  17.850 0.047
2453653.29184  18.302 0.059
2453653.29529  18.084 0.051
2453653.29856  17.958 0.048
2453653.30181  17.940 0.044
2453654.22941  18.460 0.104
2453654.23145  18.582 0.113
2453654.23350  18.582 0.112
2453654.23553  18.628 0.113
2453679.22188  17.444 0.042
2453679.22523  17.344 0.040
2453679.23180  17.368 0.037
2453680.23983  18.234 0.062
2453680.24339  18.449 0.062
2453680.24728  18.216 0.054
2453680.25112  18.187 0.054
2453682.24336  17.762 0.040
2453682.24629  17.875 0.056
2453682.24857  18.046 0.064
2453682.25090  17.991 0.059
2453847.55881  17.489 0.044
2453847.56221  17.547 0.054
2453847.56560  17.627 0.068
2453847.56901  17.547 0.079
2453869.51810  17.947 0.129
2453869.52104  17.509 0.094
2453869.52397  17.557 0.092
2453869.52691  17.487 0.088
2453897.45492  17.178 0.091
2453897.45809  17.312 0.067
2453897.46126  17.291 0.064
2453897.46443  17.470 0.073
2453911.47232  17.254 0.043
2453911.47638  17.342 0.043
2453911.48045  17.357 0.041
2453911.48453  17.447 0.045
2453913.48785  17.378 0.048
2453913.49192  17.417 0.043
2453913.49601  17.357 0.042
2453913.50008  17.406 0.045
2453916.51681  18.372 0.123
2453916.51975  18.524 0.137
2453916.52562  18.259 0.146
2453917.50023  17.420 0.064
2453917.50432  17.523 0.071
2453917.50839  17.467 0.067
2453938.45094  17.513 0.043
2453938.45433  17.582 0.040
2453938.45773  17.362 0.035
2453938.46112  17.517 0.038
2453939.46599  17.615 0.050
2453939.47754  17.487 0.040
2453941.53587  17.547 0.072
2453941.53994  17.683 0.085
2453941.54403  17.700 0.107
2453941.54810  17.547 0.126
2453949.49371  17.356 0.049
2453949.49779  17.453 0.053
2453949.50187  17.448 0.054
2453951.43507  18.145 0.082
2453951.43915  18.155 0.070
2453951.44322  18.055 0.065
2453951.44731  17.942 0.058
2453952.43975  17.438 0.055
2453952.44269  17.321 0.045
2453952.44562  17.302 0.043
2453952.44856  17.363 0.046
2453953.33773  17.755 0.096
2453953.34182  17.693 0.079
2453953.34588  17.672 0.077
2453953.34997  17.636 0.072
2453957.51093  18.059 0.154
2453958.53972  17.691 0.134
2453958.54295  17.824 0.141
2453958.54618  17.755 0.138
2453958.54940  17.925 0.152
2453959.40337  18.074 0.130
2453959.40756  17.604 0.093
2453959.41172  17.722 0.104
2453960.39093  17.433 0.084
2453960.39575  17.352 0.074
2453960.40057  17.476 0.079
2453960.40540  17.427 0.078
2453964.51205  18.345 0.160
2453964.51618  18.265 0.123
2453964.52034  18.017 0.112
2453964.52447  18.070 0.115
2453965.50167  17.353 0.055
2453965.50512  17.368 0.058
2453965.50858  17.399 0.062
2453966.45055  17.315 0.059
2453966.45446  17.427 0.050
2453966.45836  17.361 0.050
2453966.46227  17.395 0.051
2453967.39808  17.395 0.060
2453967.40176  17.451 0.054
2453967.40544  17.465 0.056
2453967.40912  17.544 0.057
2453968.43366  17.873 0.098
2453968.43666  17.820 0.078
2453968.43965  17.613 0.069
2453968.44266  17.654 0.071
2453970.46231  17.899 0.089
2453970.46530  17.868 0.071
2453970.47130  17.578 0.058
2453971.52849  17.844 0.077
2453971.53152  18.060 0.077
2453971.53452  18.025 0.074
2453971.53751  17.802 0.066
2453972.40541  17.423 0.045
2453972.40817  17.486 0.042
2453972.41095  17.389 0.039
2453972.41373  17.451 0.041
2453973.30486  17.464 0.040
2453973.30901  17.413 0.034
2453973.31314  17.351 0.033
2453973.31728  17.343 0.033
2453974.39895  17.467 0.051
2453974.40376  17.314 0.042
2453974.40859  17.457 0.046
2453974.41340  17.461 0.048
2453975.40158  17.587 0.087
2453975.40985  17.859 0.092
2453975.41400  18.219 0.117
2453978.43042  17.480 0.044
2453978.43568  17.407 0.038
2453978.44096  17.484 0.041
2453978.44624  17.483 0.045
2453979.40460  17.343 0.043
2453979.40830  17.340 0.035
2453979.41198  17.445 0.046
2453979.41566  17.338 0.035
2453986.38874  17.598 0.121
2453986.39174  17.657 0.132
2453986.39475  17.707 0.131
2453986.39775  17.505 0.112
2453987.32235  17.511 0.079
2453987.32581  17.806 0.098
2453987.32927  17.402 0.077
2453989.37592  17.383 0.055
2453989.37961  17.454 0.058
2453989.38328  17.449 0.058
2453989.38696  17.337 0.054
2453990.42819  17.518 0.052
2453990.43232  17.571 0.057
2453990.43645  17.461 0.053
2453990.44058  17.512 0.055
2453991.41409  17.468 0.047
2453991.41777  17.518 0.049
2453991.42145  17.493 0.048
2453991.42512  17.593 0.052
2453994.31953  17.566 0.041
2453994.32367  17.454 0.034
2453994.32780  17.542 0.037
2453994.33195  17.368 0.033
2453995.35991  17.860 0.051
2453995.37047  18.161 0.054
2453995.37573  18.152 0.054
2453997.41729  17.686 0.048
2453997.42369  17.524 0.043
2453997.43012  17.532 0.043
2453997.43653  17.518 0.046
2454006.29115  18.303 0.133
2454006.29644  18.198 0.076
2454006.30170  17.956 0.064
2454006.30698  17.895 0.079
2454007.36581  18.551 0.093
2454007.36881  18.578 0.099
2454007.37181  18.487 0.095
2454007.37479  18.289 0.078
2454010.38305  17.458 0.040
2454010.38718  17.402 0.034
2454010.39132  17.396 0.035
2454011.32764  17.451 0.060
2454011.33065  17.608 0.067
2454011.33365  17.528 0.063
2454011.33665  17.548 0.062
2454020.34540  17.536 0.059
2454020.34954  17.523 0.060
2454020.35367  17.443 0.056
2454020.35781  17.362 0.054
2454022.27056  17.281 0.025
2454022.27469  17.387 0.027
2454022.27883  17.402 0.027
2454022.28297  17.411 0.028
2454024.23551  17.740 0.066
2454056.38225  17.446 0.035
2454056.38526  17.575 0.039
2454056.38825  17.589 0.037
2454058.14838  17.566 0.039
2454058.15365  17.627 0.031
2454058.15891  17.721 0.033
2454058.16419  17.835 0.036
2454059.24102  17.703 0.028
2454059.24629  17.826 0.032
2454059.25156  18.013 0.034
2454059.25683  18.201 0.041
2454060.24373  17.522 0.034
2454060.24946  17.508 0.039
2454060.25519  17.444 0.036
2454060.26092  17.312 0.032
2454062.22715  18.385 0.079
2454062.23243  18.081 0.068
2454062.23771  17.986 0.058
2454062.24298  17.814 0.056
2454064.26372  17.967 0.045
2454064.27336  17.736 0.044
2454064.27817  17.632 0.044
2454065.19967  17.977 0.039
2454065.20494  17.882 0.035
2454065.21023  17.693 0.033
2454065.21550  17.528 0.029
2454066.19308  17.424 0.044
2454066.19835  17.543 0.053
2454066.20362  17.398 0.043
2454066.20890  17.487 0.037
2454070.21329  17.709 0.076
2454070.21857  17.534 0.094
2454070.22384  17.785 0.135
2454070.22912  17.797 0.117
2454092.13744  18.473 0.143
2454092.14158  18.713 0.124
2454092.14571  18.450 0.091
2454100.24824  18.230 0.124
2454100.25464  18.079 0.113
2454100.26106  17.728 0.087
2454100.26746  17.619 0.081
2454116.17204  17.586 0.029
2454116.17844  17.599 0.029
2454116.18485  17.470 0.026
2454116.19125  17.455 0.026
2454123.15984  18.367 0.098
2454123.16625  18.040 0.055
2454123.17266  17.641 0.041
2454123.17908  17.708 0.035
2454149.64434  17.459 0.047
2454149.64779  17.532 0.058
2454149.65125  17.574 0.078
2454188.57581  17.369 0.041
2454188.57904  17.438 0.038
2454188.58548  17.416 0.036
2454217.55129  17.525 0.051
2454217.55428  17.570 0.056
2454217.55728  17.508 0.062
2454217.56028  17.557 0.078
2454220.55827  17.583 0.081
2454226.52021  18.505 0.149
2454232.52477  17.553 0.043
2454232.52755  17.601 0.045
2454232.53031  17.463 0.044
2454232.53308  17.428 0.046
2454234.54092  17.538 0.086
2454234.54349  17.726 0.113
2454234.54607  17.657 0.126
2454234.54868  17.589 0.151
2454234.55132  17.532 0.184
2454235.52705  17.720 0.064
2454235.52983  17.711 0.061
2454235.53259  17.695 0.067
2454235.53537  17.789 0.076
2454245.51096  18.151 0.167
2454245.51533  18.184 0.137
2454245.51969  18.029 0.126
2454258.51891  17.918 0.130
2454258.52305  17.634 0.112
2454262.50968  18.446 0.118
2453651.30902  17.409 0.039
2453679.22845  17.380 0.037
2453916.52269  18.612 0.161
2453949.48963  17.491 0.061
2453957.50770  18.302 0.178
2453965.49820  17.523 0.078
2453970.46830  17.610 0.059
2453975.40571  17.631 0.077
2453987.33273  17.544 0.082
2453995.36518  18.027 0.048
2454010.39545  17.389 0.035
2454056.39125  17.540 0.038
2454064.26854  17.838 0.050
2454092.14985  18.408 0.074
2454188.58226  17.391 0.036
2454262.51575  18.119 0.166
2454280.50479  17.099 0.056
2454280.50802  17.112 0.054
2454280.51125  17.422 0.072
2454280.51448  17.593 0.088
2454284.45402  17.773 0.114
2454284.45632  17.813 0.116
2454284.45865  17.810 0.118
2454284.46097  17.906 0.127
2454297.53719  17.404 0.079
2454297.54359  17.672 0.134
2454298.50545  18.266 0.115
2454298.51600  17.541 0.059
2454308.35998  17.920 0.103
2454308.36638  17.916 0.094
2454308.37279  17.916 0.094
2454308.37920  17.626 0.076
2454309.38862  17.729 0.115
2454309.39390  17.860 0.113
2454309.39917  17.832 0.113
2454309.40443  17.824 0.111
2454312.43773  17.361 0.101
2454312.44191  17.439 0.104
2454312.44607  17.333 0.104
2454321.49110  17.445 0.071
2454321.50163  17.239 0.060
2454321.50691  17.644 0.089
2454322.51116  17.959 0.088
2454322.51508  17.895 0.071
2454322.51898  17.915 0.074
2454322.52290  17.658 0.063
2454324.45136  17.291 0.076
2454324.45777  17.560 0.130
2454324.46418  17.626 0.102
2454324.47060  17.259 0.076
2454326.44965  17.618 0.109
2454326.45389  17.416 0.073
2454326.45805  17.365 0.080
2454326.46231  17.361 0.096
2454334.52154  17.658 0.082
2454334.52432  17.604 0.074
2454334.52710  17.527 0.075
2454337.30037  17.952 0.115
2454337.30565  18.175 0.134
2454337.31093  18.262 0.147
2454338.35549  17.332 0.103
2454338.36075  17.572 0.130
2454339.40854  17.558 0.129
2454339.41386  17.404 0.112
2454339.42357  17.730 0.150
2454348.33381  17.411 0.066
2454348.33908  17.527 0.067
2454353.40909  17.453 0.041
2454353.41970  17.275 0.028
2454354.35933  17.269 0.031
2454354.36453  17.295 0.032
2454354.36873  17.293 0.032
2454354.37295  17.388 0.035
2454366.33959  17.663 0.095
2454366.34720  17.747 0.091
2454367.36358  17.780 0.124
2454367.36894  18.392 0.180
2454367.37998  18.445 0.201
2454371.29387  18.310 0.171
2454371.29985  18.396 0.187
2454371.30285  18.212 0.158
2454372.23628  18.464 0.148
2454372.23927  18.512 0.164
2454372.24228  18.160 0.128
2454374.37224  18.333 0.138
2454374.37553  18.333 0.122
2454374.37971  18.172 0.113
2454374.38389  18.569 0.144
2454375.41366  17.402 0.055
2454375.42007  17.332 0.051
2454375.42648  17.456 0.057
2454375.43288  17.656 0.065
2454378.29251  18.486 0.077
2454378.29506  18.676 0.082
2454378.29761  18.423 0.069
2454378.30015  18.366 0.068
2454379.28688  17.396 0.038
2454379.28987  17.433 0.036
2454379.29587  17.336 0.033
2454380.26351  17.360 0.059
2454380.27106  17.356 0.043
2454380.27860  17.267 0.035
2454380.28616  17.332 0.034
2454382.39489  17.430 0.035
2454382.39790  17.467 0.036
2454382.40089  17.389 0.033
2454382.40389  17.474 0.037
2454391.31008  17.448 0.030
2454391.31308  17.382 0.030
2454391.31608  17.451 0.030
2454391.31909  17.452 0.031
2454392.33065  18.045 0.048
2454392.33365  17.907 0.043
2454392.33663  17.856 0.042
2454392.33963  17.715 0.038
2454393.29666  17.516 0.043
2454393.29976  17.581 0.045
2454393.30233  17.488 0.044
2454394.25394  17.454 0.046
2454394.25922  17.382 0.040
2454394.26448  17.397 0.039
2454394.26975  17.401 0.036
2454418.33312  18.150 0.073
2454418.34066  17.901 0.039
2454418.34821  17.843 0.042
2454421.19497  17.547 0.057
2454421.19810  17.671 0.057
2454421.20134  17.617 0.046
2454423.18989  18.002 0.093
2454423.20578  17.871 0.103
2454425.24869  17.642 0.070
2454425.25170  17.672 0.075
2454425.25470  17.300 0.058
2454427.21904  18.535 0.168
2454427.22251  18.418 0.151
2454427.22596  18.286 0.137
2454427.22942  18.638 0.177
2454428.17976  18.445 0.162
2454428.18389  17.868 0.111
2454428.18802  18.078 0.125
2454428.19217  17.993 0.117
2454430.14107  17.810 0.093
2454430.14832  17.935 0.092
2454430.15263  17.701 0.077
2454430.15688  17.784 0.080
2454439.22949  18.032 0.044
2454439.23590  17.835 0.037
2454439.24873  17.594 0.032
2454444.17699  17.524 0.023
2454444.18226  17.668 0.026
2454444.18753  17.795 0.028
2454444.19281  17.988 0.032
2454458.15126  17.647 0.140
2454458.15426  17.868 0.204
2454458.15726  17.361 0.133
2454465.16566  17.356 0.032
2454465.16881  17.404 0.036
2454465.17141  17.322 0.035
2454467.16950  17.549 0.060
2454467.17592  17.534 0.050
2454467.18233  17.494 0.040
2454467.18874  17.422 0.034
2454472.18133  17.366 0.026
2454472.19189  17.418 0.028
2454472.19717  17.469 0.028
2454476.21184  17.427 0.032
2454476.21508  17.342 0.031
2454476.21830  17.370 0.032
2454476.22153  17.410 0.033
2454477.17665  17.663 0.049
2454477.17964  17.572 0.044
2454477.18264  17.560 0.041
2454477.18564  17.676 0.044
2454483.19791  17.706 0.077
2454483.20212  17.883 0.090
2454497.16847  18.653 0.138
2454497.17265  18.744 0.111
2454503.19891  17.427 0.031
2454503.20396  17.544 0.106
2454503.21405  17.727 0.118
2454514.64433  17.504 0.051
2454514.64755  17.595 0.062
2454514.65078  17.710 0.087
2454566.56449  17.619 0.046
2454566.56726  17.700 0.050
2454566.57004  17.692 0.049
2454566.57280  17.861 0.058
2454568.56487  17.347 0.036
2454568.56787  17.415 0.041
2454568.57087  17.479 0.046
2454568.57388  17.641 0.052
2454582.55007  17.478 0.054
2454582.55607  17.523 0.063
2454582.55906  17.549 0.076
2454587.55314  17.476 0.058
2454587.55682  17.412 0.075
2454600.49731  17.448 0.073
2454603.43594  17.344 0.058
2454603.44122  17.582 0.068
2454603.44650  17.524 0.065
2454603.45178  17.672 0.075
2454604.47888  18.314 0.104
2454604.48233  18.004 0.083
2454604.48578  18.176 0.090
2454604.48924  17.924 0.073
2454630.43240  17.477 0.063
2454630.43887  17.409 0.058
2454630.44210  17.577 0.064
2454632.37645  17.903 0.098
2454632.38702  17.648 0.083
2454632.39253  17.700 0.090
2454632.39784  17.532 0.080
2454633.49952  17.486 0.059
2454633.50302  17.504 0.056
2454633.50608  17.425 0.060
2454633.50911  17.554 0.068
2454644.49409  18.444 0.109
2454644.49715  18.564 0.109
2454644.50021  18.304 0.092
2454644.50327  18.262 0.094
2454646.40212  17.829 0.061
2454646.40650  17.732 0.060
2454646.41087  17.696 0.056
2454647.42130  17.436 0.050
2454647.42544  17.421 0.041
2454647.42959  17.585 0.048
2454647.43372  17.479 0.045
2454662.50263  17.366 0.046
2454662.50564  17.394 0.044
2454662.50864  17.419 0.043
2454662.51166  17.442 0.046
2454671.52373  17.944 0.124
2454671.52696  17.815 0.114
2454673.50557  17.648 0.112
2454673.50971  17.918 0.134
2454673.51799  17.592 0.091
2454684.27432  18.567 0.181
2454684.28486  17.614 0.098
2454687.44312  17.434 0.047
2454687.44726  17.459 0.049
2454687.45080  17.689 0.059
2454687.45387  17.594 0.055
2454688.38955  17.462 0.046
2454688.39255  17.585 0.048
2454688.39555  17.497 0.047
2454688.39856  17.435 0.045
2454690.36440  17.843 0.118
2454690.36876  17.603 0.074
2454700.43029  18.359 0.175
2454702.39119  17.563 0.116
2454702.39467  17.303 0.099
2454702.39812  17.511 0.112
2454702.40158  17.275 0.092
2454703.45378  17.460 0.102
2454703.45729  17.540 0.095
2454703.46081  17.608 0.102
2454703.46437  17.373 0.081
2454704.33982  18.376 0.117
2454704.34259  18.151 0.092
2454704.34536  18.132 0.087
2454704.34814  18.289 0.098
2454713.45969  17.594 0.064
2454713.46269  17.397 0.051
2454262.51271  18.257 0.147
2454321.49637  17.449 0.070
2454334.52986  17.437 0.065
2454353.41439  17.349 0.030
2454372.23327  18.917 0.209
2454379.29287  17.374 0.034
2454393.29364  17.476 0.040
2454425.24565  17.640 0.073
2454439.24232  17.738 0.034
2454472.18661  17.433 0.030
2454497.17683  18.495 0.079
2454582.55307  17.514 0.062
2454630.43563  17.514 0.060
2454646.39776  17.981 0.084
2454673.51384  17.713 0.113
2452966.17258  17.386 0.025
2453642.30694  17.311 0.059
2454234.53788  17.677 0.071
2455145.19925  17.613 0.043
2455502.21504  17.209 0.021
2455819.35290  17.202 0.069
2456903.48763  18.214 0.074
2454713.46869  17.737 0.070
2454715.41547  17.645 0.068
2454715.41853  17.805 0.075
2454715.42112  17.585 0.066
2454715.42374  17.652 0.070
2454716.43577  17.610 0.083
2454716.43808  17.748 0.085
2454716.44040  17.539 0.075
2454716.44271  17.698 0.083
2454718.38484  17.829 0.089
2454718.38720  17.751 0.079
2454718.38957  17.590 0.071
2454718.39197  17.543 0.071
2454742.39805  17.460 0.041
2454742.40106  17.412 0.040
2454742.40405  17.452 0.042
2454742.40705  17.412 0.040
2454754.34709  17.536 0.152
2454754.35123  17.460 0.135
2454754.35538  17.602 0.148
2454759.22533  17.291 0.029
2454759.22948  17.338 0.030
2454759.23364  17.419 0.033
2454759.23778  17.421 0.034
2454778.24206  17.586 0.054
2454778.24578  17.508 0.051
2454778.24949  17.395 0.047
2454778.25321  17.540 0.050
2454779.21231  17.549 0.052
2454779.21651  17.530 0.053
2454779.22069  17.518 0.053
2454779.22550  17.492 0.059
2454780.24492  17.971 0.087
2454780.24911  17.867 0.093
2454782.24957  18.432 0.143
2454782.25555  18.416 0.145
2454782.26153  18.117 0.127
2454782.26750  18.213 0.129
2454784.23096  17.890 0.179
2454784.23467  17.365 0.119
2454784.23837  17.796 0.159
2454784.24206  17.648 0.141
2454785.19471  17.955 0.106
2454785.19887  18.233 0.135
2454785.20301  18.565 0.174
2454795.20177  17.675 0.027
2454795.20706  17.608 0.025
2454795.21234  17.467 0.023
2454795.21763  17.395 0.022
2454799.19198  17.594 0.038
2454799.19800  17.623 0.038
2454799.20102  17.770 0.042
2454801.26119  18.172 0.062
2454801.26420  17.994 0.055
2454801.26721  17.843 0.050
2454801.27022  17.793 0.048
2454802.27016  17.348 0.026
2454802.27545  17.449 0.029
2454802.28075  17.415 0.029
2454802.28606  17.507 0.030
2454814.16691  17.892 0.099
2454814.17106  17.905 0.105
2454814.17521  18.146 0.126
2454815.20787  17.632 0.069
2454815.21207  17.710 0.077
2454815.21628  17.543 0.074
2454815.22055  17.653 0.076
2454816.19124  17.880 0.049
2454816.19425  17.913 0.050
2454816.19726  17.922 0.050
2454816.20027  18.058 0.054
2454818.21194  17.826 0.044
2454818.21494  17.876 0.050
2454818.22099  18.113 0.059
2454831.24504  17.420 0.029
2454831.25033  17.432 0.031
2454831.25562  17.529 0.033
2454831.26089  17.388 0.030
2454837.14380  17.854 0.110
2454837.15663  17.547 0.051
2454844.20204  17.646 0.073
2454844.20597  17.768 0.081
2454844.20989  17.856 0.088
2454844.21381  17.793 0.086
2454845.67139  17.732 0.095
2454852.23258  17.701 0.050
2454852.23492  17.513 0.045
2454852.23727  17.746 0.052
2454852.23960  17.413 0.042
2454853.24530  17.620 0.040
2454853.24831  17.536 0.040
2454853.25133  17.606 0.041
2454853.25435  17.768 0.043
2454868.65397  18.121 0.069
2454868.65999  17.996 0.094
2454920.54378  17.407 0.048
2454920.55020  17.763 0.084
2454920.55662  18.080 0.173
2454925.56119  17.494 0.038
2454925.56465  17.503 0.035
2454925.56814  17.494 0.036
2454925.57160  17.411 0.034
2454929.55696  17.981 0.100
2454929.56155  18.079 0.103
2454929.56616  18.193 0.107
2454933.56650  17.609 0.062
2454933.57177  17.718 0.071
2454933.57707  17.625 0.071
2454933.58235  17.836 0.104
2454936.49136  17.366 0.042
2454936.50419  17.451 0.049
2454936.51062  17.493 0.057
2454942.54181  17.520 0.032
2454942.54641  17.673 0.092
2454942.55102  17.496 0.037
2454942.55563  17.656 0.071
2454966.50967  17.797 0.068
2454966.51541  17.613 0.055
2454966.52115  17.505 0.053
2454966.52689  17.562 0.054
2454970.43126  17.524 0.052
2454970.43768  17.392 0.044
2454970.44409  17.285 0.039
2454970.45051  17.322 0.040
2454980.49486  17.645 0.049
2454980.50129  17.841 0.119
2454980.50773  17.978 0.094
2454983.46617  17.717 0.055
2454983.47147  18.067 0.065
2454983.47676  18.083 0.069
2454983.48205  18.097 0.068
2454990.52374  17.464 0.097
2454990.52906  17.475 0.109
2454991.48740  17.330 0.070
2454991.49154  17.319 0.069
2454991.49570  17.331 0.069
2454991.49985  17.426 0.073
2454999.42904  17.464 0.051
2454999.43387  17.465 0.042
2454999.43869  17.432 0.042
2454999.44353  17.168 0.034
2455003.47354  17.409 0.044
2455003.47780  17.370 0.037
2455003.48632  17.307 0.036
2455004.47482  17.530 0.067
2455004.48012  17.651 0.061
2455004.48540  17.690 0.064
2455004.49069  17.834 0.072
2455015.45624  17.622 0.060
2455015.46015  17.656 0.063
2455015.46408  17.416 0.053
2455015.46799  17.559 0.060
2455019.44155  17.606 0.096
2455019.44571  17.827 0.112
2455019.44986  17.887 0.117
2455019.45402  17.908 0.116
2455029.43753  18.216 0.157
2455029.44395  18.174 0.150
2455029.45038  17.851 0.114
2455029.45681  17.970 0.128
2455031.50200  17.586 0.076
2455031.50617  17.474 0.069
2455031.51086  17.544 0.076
2455031.52306  17.283 0.072
2455042.36923  17.911 0.090
2455042.37566  18.116 0.107
2455042.38209  17.750 0.078
2455047.48875  17.767 0.098
2455047.49291  17.895 0.107
2455047.49706  18.442 0.153
2455055.41295  17.525 0.059
2455055.41779  17.502 0.054
2455055.42263  17.648 0.062
2455055.42747  17.497 0.053
2455060.45940  17.778 0.066
2455060.46354  17.840 0.060
2455060.47183  17.488 0.047
2455061.44888  17.465 0.057
2455061.45307  17.312 0.048
2455061.45731  17.325 0.051
2455061.46151  17.256 0.047
2455069.39689  17.346 0.061
2455069.40195  17.368 0.059
2455069.40703  17.306 0.055
2455069.41209  17.216 0.049
2455070.49337  17.416 0.048
2455070.49638  17.398 0.044
2455070.49940  17.424 0.044
2455070.50242  17.507 0.046
2455072.38666  17.506 0.084
2455072.39309  17.573 0.081
2455072.39950  17.559 0.083
2455072.40593  17.599 0.067
2455073.45131  17.250 0.041
2455073.45437  17.218 0.040
2455073.45742  17.317 0.042
2455074.32101  18.100 0.106
2455074.32448  18.299 0.121
2455074.32795  18.514 0.148
2455074.33143  18.141 0.115
2455075.44279  17.707 0.119
2455083.44209  17.361 0.067
2455083.44626  17.518 0.074
2455083.45044  17.599 0.076
2455083.45468  17.491 0.073
2455085.43126  17.343 0.066
2455085.43655  17.301 0.067
2455085.44712  17.534 0.078
2455087.40146  18.197 0.102
2455087.40680  18.145 0.097
2455087.41211  17.833 0.086
2455087.41742  17.746 0.079
2455097.40685  17.506 0.037
2455097.41031  17.435 0.036
2455097.41378  17.378 0.034
2455097.41725  17.356 0.035
2455099.35191  17.444 0.039
2455099.35492  17.492 0.042
2455099.35794  17.484 0.041
2455099.36095  17.547 0.044
2455100.36765  17.568 0.041
2455100.37134  17.631 0.043
2455100.37504  17.478 0.039
2455100.37874  17.351 0.036
2455103.37345  17.363 0.044
2455103.37783  17.456 0.046
2455103.38220  17.387 0.044
2455113.27515  18.033 0.075
2455113.28158  18.048 0.079
2455113.28800  17.854 0.069
2455113.29444  17.738 0.064
2455114.39124  17.327 0.047
2455114.39650  17.473 0.057
2455114.40068  17.383 0.054
2455114.40489  17.358 0.050
2455115.39036  17.278 0.046
2455115.39454  17.499 0.053
2455115.39873  17.595 0.057
2455115.40291  17.631 0.057
2455117.25985  17.414 0.046
2455117.26308  17.386 0.046
2455117.26957  17.423 0.048
2455127.30147  18.080 0.053
2455127.30516  17.927 0.047
2455127.30886  17.833 0.043
2455127.31256  17.717 0.041
2455129.26338  17.347 0.035
2455129.26866  17.294 0.032
2455129.27395  17.469 0.037
2455129.27924  17.440 0.035
2455142.30673  17.567 0.067
2455142.30996  17.515 0.062
2455142.31374  17.458 0.058
2455142.31754  17.487 0.059
2455143.19889  18.237 0.059
2455143.20303  18.168 0.055
2455143.20718  18.051 0.052
2455143.21133  17.988 0.050
2455145.20340  17.810 0.051
2455145.20755  17.941 0.056
2455145.21170  18.033 0.061
2455159.21107  17.777 0.047
2455159.21434  17.811 0.048
2455159.21758  17.948 0.051
2455159.22084  17.902 0.053
2455168.16720  17.785 0.129
2455187.23778  17.341 0.037
2455202.26188  17.519 0.034
2455202.26761  17.515 0.034
2455202.27334  17.469 0.032
2455202.27908  17.440 0.029
2454713.46569  17.581 0.061
2454754.34294  17.677 0.157
2454780.25329  17.753 0.082
2454799.19499  17.546 0.037
2454868.65698  18.134 0.084
2454936.49777  17.320 0.040
2455003.48209  17.434 0.040
2455031.49639  17.537 0.087
2455060.46769  17.680 0.054
2455073.44825  17.401 0.048
2455085.44183  17.391 0.075
2455103.36908  17.386 0.048
2455117.26633  17.346 0.045
2455222.64020  17.476 0.033
2455222.64367  17.410 0.031
2455222.64713  17.415 0.032
2455250.54128  17.377 0.026
2455250.54587  17.312 0.026
2455250.55048  17.397 0.029
2455250.55509  17.398 0.031
2455312.56340  17.334 0.063
2455312.56869  17.539 0.117
2455312.57400  17.509 0.222
2455323.53792  18.067 0.120
2455329.54283  17.312 0.056
2455329.54812  17.321 0.085
2455333.52809  17.818 0.077
2455333.53580  17.824 0.099
2455359.49761  17.383 0.055
2455359.50290  17.460 0.068
2455359.50818  17.604 0.073
2455359.51347  17.672 0.078
2455361.47422  17.439 0.087
2455361.48068  17.614 0.093
2455382.53813  17.572 0.187
2455400.43023  17.128 0.067
2455400.43670  17.376 0.074
2455400.44317  17.224 0.058
2455400.44963  17.200 0.061
2455403.47974  17.917 0.155
2455403.48397  17.928 0.141
2455403.48816  18.067 0.156
2455403.49233  18.218 0.181
2455404.38334  17.474 0.107
2455404.38976  17.596 0.119
2455404.39618  17.806 0.138
2455419.50461  17.955 0.147
2455421.48182  17.512 0.087
2455421.48711  17.504 0.073
2455421.49241  17.361 0.066
2455421.49770  17.429 0.070
2455422.42404  17.412 0.086
2455422.42934  17.341 0.079
2455422.43463  17.205 0.071
2455422.43992  17.412 0.083
2455423.42275  18.030 0.139
2455423.42849  18.078 0.123
2455423.43424  18.043 0.123
2455423.43998  17.823 0.101
2455430.26718  17.630 0.082
2455430.27312  17.706 0.081
2455430.27957  17.710 0.082
2455430.28606  18.122 0.114
2455431.31206  17.121 0.053
2455431.31851  17.011 0.044
2455431.32498  17.205 0.053
2455431.33144  17.253 0.054
2455432.33728  17.333 0.068
2455432.34375  17.291 0.067
2455432.35026  17.316 0.067
2455433.25783  18.038 0.149
2455433.26425  18.015 0.140
2455433.27067  17.546 0.092
2455433.27710  17.349 0.078
2455434.25610  17.192 0.059
2455434.26321  17.190 0.060
2455434.27031  17.306 0.067
2455434.27742  17.240 0.065
2455435.32711  17.259 0.061
2455435.33353  17.255 0.060
2455435.33996  17.212 0.058
2455435.34638  17.270 0.060
2455436.28503  17.139 0.050
2455436.29146  17.379 0.071
2455436.30307  17.310 0.056
2455437.31751  17.498 0.070
2455437.32327  17.486 0.060
2455437.32859  17.346 0.054
2455437.33390  17.310 0.052
2455438.25594  17.880 0.107
2455438.26880  17.774 0.086
2455439.36269  17.474 0.058
2455439.36798  17.370 0.052
2455439.37327  17.361 0.053
2455439.37856  17.297 0.050
2455440.28040  17.889 0.098
2455440.28616  17.707 0.074
2455440.29196  17.439 0.061
2455440.29776  17.351 0.056
2455443.27455  17.243 0.032
2455443.28052  17.194 0.033
2455443.28650  17.264 0.042
2455444.26824  17.279 0.050
2455444.27397  17.235 0.037
2455444.27971  17.264 0.040
2455444.28544  17.477 0.049
2455445.22163  17.489 0.084
2455445.22691  17.577 0.061
2455445.23220  17.550 0.052
2455445.23750  17.748 0.058
2455446.22398  17.477 0.063
2455446.23043  17.385 0.047
2455446.23689  17.372 0.042
2455446.24335  17.338 0.039
2455447.23146  17.114 0.043
2455447.23905  17.332 0.045
2455447.25425  17.345 0.046
2455448.24887  17.582 0.057
2455448.25533  17.381 0.052
2455448.26178  17.321 0.052
2455448.26823  17.312 0.052
2455449.24406  17.757 0.093
2455449.25166  17.272 0.067
2455449.25925  17.507 0.075
2455450.21445  17.624 0.087
2455450.22200  17.558 0.053
2455450.22956  17.699 0.060
2455450.23721  17.931 0.063
2455451.21478  17.311 0.064
2455451.22234  17.251 0.049
2455451.22990  17.306 0.046
2455451.23747  17.185 0.044
2455452.21736  17.401 0.058
2455452.22494  17.203 0.045
2455452.23254  17.480 0.053
2455453.30413  17.459 0.048
2455453.31169  17.518 0.051
2455453.31925  17.779 0.063
2455453.32682  17.773 0.065
2455454.20704  17.153 0.075
2455454.21478  17.285 0.047
2455454.22122  17.296 0.040
2455454.22766  17.224 0.038
2455455.20418  17.301 0.097
2455455.21184  17.598 0.070
2455455.21943  17.850 0.075
2455456.20498  17.203 0.079
2455456.21276  17.223 0.051
2455456.22814  17.194 0.042
2455457.21618  17.258 0.051
2455457.22375  17.390 0.051
2455457.23131  17.543 0.059
2455457.23887  17.658 0.065
2455458.22028  18.028 0.203
2455459.20028  17.427 0.131
2455459.20785  17.781 0.163
2455459.21541  17.471 0.107
2455459.22297  17.382 0.123
2455459.23063  17.622 0.113
2455460.22460  17.759 0.140
2455460.23243  17.494 0.092
2455460.24784  17.934 0.179
2455460.25551  17.374 0.082
2455462.20026  17.374 0.086
2455462.20668  17.364 0.071
2455462.21310  17.685 0.088
2455462.21953  17.826 0.095
2455462.22594  18.059 0.115
2455462.23236  18.014 0.114
2455463.19712  17.856 0.140
2455463.20380  17.590 0.088
2455463.21027  17.479 0.076
2455463.21675  17.453 0.072
2455463.22321  17.366 0.068
2455463.22967  17.332 0.068
2455464.20133  17.200 0.055
2455464.20821  17.264 0.054
2455464.21506  17.415 0.061
2455464.22903  17.241 0.053
2455464.23589  17.459 0.071
2455465.20305  18.341 0.180
2455465.20993  18.224 0.157
2455465.21681  18.024 0.132
2455465.22369  17.652 0.081
2455465.23057  17.363 0.062
2455465.23746  17.397 0.067
2455466.46815  17.592 0.100
2455466.47461  17.461 0.091
2455466.48106  17.377 0.094
2455466.48751  17.328 0.089
2455466.49396  17.423 0.101
2455466.50043  17.451 0.105
2455468.24764  17.494 0.058
2455468.25500  17.302 0.051
2455468.26236  17.350 0.051
2455468.27709  17.260 0.047
2455468.28445  17.581 0.062
2455471.23672  17.623 0.062
2455471.24359  17.606 0.043
2455475.27742  17.380 0.038
2455475.28428  17.462 0.039
2455475.29116  17.674 0.045
2455475.29803  17.917 0.072
2455482.23647  17.261 0.023
2455482.24293  17.238 0.022
2455482.24939  17.223 0.021
2455482.25584  17.229 0.021
2455483.25597  17.959 0.051
2455483.26125  18.129 0.057
2455483.26655  18.149 0.057
2455483.27184  18.050 0.051
2455484.22056  18.169 0.186
2455484.22699  17.959 0.116
2455484.23342  17.679 0.051
2455486.19040  17.270 0.033
2455486.19795  17.271 0.033
2455486.20551  17.431 0.037
2455486.21308  17.603 0.045
2455489.35889  17.734 0.127
2455490.39145  17.816 0.098
2455490.39901  18.338 0.142
2455490.40656  18.476 0.153
2455490.41413  18.348 0.143
2455492.18685  17.999 0.112
2455492.19441  17.812 0.103
2455492.20954  17.355 0.075
2455493.19323  17.379 0.063
2455493.19964  17.483 0.070
2455493.20607  17.494 0.070
2455493.21249  17.581 0.078
2455494.22941  17.467 0.064
2455494.23587  17.421 0.062
2455494.24233  17.467 0.064
2455494.24879  17.344 0.059
2455495.17579  17.455 0.048
2455495.18130  17.434 0.059
2455495.18680  17.378 0.046
2455498.19800  17.428 0.030
2455498.20559  17.620 0.034
2455498.21317  17.775 0.040
2455498.22075  17.998 0.049
2455499.17374  18.267 0.123
2455499.18886  18.056 0.165
2455499.19641  17.668 0.058
2455499.20398  17.643 0.050
2455500.18581  17.241 0.021
2455500.19874  17.322 0.023
2455500.20520  17.375 0.024
2455500.21190  17.417 0.024
2455500.21835  17.496 0.026
2455501.19009  18.048 0.041
2455501.19652  17.992 0.038
2455501.20294  17.786 0.033
2455501.20938  17.523 0.029
2455502.20219  17.190 0.020
2455502.20860  17.187 0.021
2455502.22146  17.210 0.022
2455503.18291  17.524 0.030
2455503.18822  17.559 0.032
2455503.19353  17.672 0.034
2455503.19883  17.954 0.043
2455503.20437  17.922 0.043
2455503.20969  18.005 0.043
2455503.21500  18.125 0.047
2455503.22030  17.958 0.044
2455503.22562  17.765 0.038
2455503.23092  17.699 0.036
2455504.18335  17.939 0.128
2455504.19090  17.770 0.134
2455504.19847  17.617 0.094
2455504.20603  17.539 0.075
2455505.22727  17.890 0.045
2455505.23486  17.969 0.044
2455222.63674  17.500 0.034
2455333.54350  17.759 0.144
2455404.37692  17.294 0.093
2455432.33077  17.734 0.102
2455436.29727  17.160 0.051
2455443.26859  17.301 0.038
2455447.24666  17.374 0.043
2455452.20976  17.213 0.079
2455456.22053  17.268 0.046
2455464.22193  17.309 0.061
2455468.26972  17.460 0.056
2455484.21413  17.967 0.095
2455492.20198  17.635 0.091
2455505.25007  17.661 0.036
2455506.16702  18.159 0.091
2455506.17457  18.385 0.187
2455506.18214  18.465 0.109
2455506.18970  18.055 0.070
2455507.17740  17.273 0.027
2455507.18269  17.237 0.026
2455507.18799  17.330 0.029
2455507.19328  17.295 0.028
2455508.18248  17.698 0.041
2455508.18778  17.965 0.046
2455508.19307  18.080 0.054
2455508.19837  18.233 0.059
2455509.24099  17.446 0.041
2455509.24858  17.553 0.045
2455509.25618  17.740 0.055
2455509.26380  17.806 0.058
2455510.22320  18.409 0.162
2455511.20014  17.393 0.040
2455511.20545  17.376 0.035
2455511.21075  17.407 0.036
2455511.21607  17.317 0.035
2455512.20301  17.545 0.055
2455512.21057  17.460 0.050
2455512.21812  17.554 0.064
2455512.22567  17.594 0.056
2455512.23324  17.824 0.066
2455513.15971  17.747 0.073
2455513.16615  18.173 0.115
2455513.17259  17.862 0.076
2455513.17902  18.142 0.085
2455514.15780  17.309 0.034
2455514.17155  17.142 0.028
2455514.17843  17.147 0.028
2455515.15932  17.221 0.035
2455515.16460  17.252 0.036
2455515.16989  17.221 0.036
2455515.17519  17.384 0.041
2455516.15522  18.169 0.089
2455516.15891  18.258 0.093
2455516.16261  18.118 0.083
2455516.16630  17.912 0.073
2455517.20621  17.612 0.078
2455517.21376  17.612 0.073
2455517.22132  17.826 0.089
2455517.22888  17.686 0.080
2455518.16190  17.817 0.129
2455518.17031  18.066 0.144
2455518.17685  18.255 0.145
2455519.17744  17.482 0.113
2455519.18520  17.517 0.108
2455519.19276  17.497 0.102
2455519.20030  17.410 0.107
2455520.18018  17.425 0.080
2455520.18775  17.483 0.084
2455520.19530  17.538 0.092
2455520.20287  17.431 0.087
2455521.17571  17.369 0.096
2455521.18338  17.354 0.096
2455521.19107  17.294 0.087
2455521.19862  17.480 0.143
2455534.18655  17.706 0.057
2455534.20166  18.056 0.073
2455537.14903  17.881 0.079
2455538.15800  17.302 0.023
2455538.16443  17.216 0.021
2455538.17086  17.149 0.021
2455538.17728  17.137 0.021
2455539.16702  17.402 0.026
2455539.17231  17.465 0.028
2455539.17759  17.569 0.031
2455539.18288  17.765 0.035
2455549.13985  17.546 0.131
2455549.14749  17.630 0.088
2455549.15511  17.741 0.081
2455549.16272  18.160 0.119
2455553.15397  17.367 0.040
2455553.15903  17.382 0.043
2455553.16409  17.417 0.048
2455554.17736  17.661 0.041
2455554.18493  17.574 0.039
2455554.19249  17.452 0.038
2455554.20005  17.402 0.039
2455555.16101  17.355 0.033
2455555.16858  17.309 0.034
2455555.17614  17.331 0.033
2455556.14490  17.656 0.080
2455556.15316  17.746 0.071
2455556.16073  17.910 0.075
2455556.16829  18.219 0.109
2455567.18197  17.266 0.026
2455567.18838  17.391 0.029
2455567.19481  17.414 0.027
2455567.20124  17.346 0.026
2455568.18447  17.839 0.034
2455568.19868  17.549 0.027
2455568.20579  17.433 0.025
2455568.21290  17.406 0.024
2455616.23801  17.359 0.034
2455616.24557  17.298 0.031
2455616.25314  17.321 0.035
2455635.59719  17.581 0.031
2455635.60134  17.514 0.029
2455635.60551  17.556 0.030
2455635.60967  17.541 0.032
2455684.53669  17.681 0.056
2455684.54015  17.526 0.053
2455697.51737  17.542 0.065
2455697.52040  17.658 0.065
2455697.52643  17.497 0.057
2455706.52271  17.553 0.060
2455706.52685  17.551 0.067
2455706.53101  17.481 0.075
2455707.51014  17.654 0.053
2455707.51428  17.734 0.055
2455707.51856  17.724 0.059
2455707.52270  17.796 0.067
2455709.47946  17.425 0.040
2455709.48406  17.358 0.035
2455709.48867  17.366 0.035
2455709.49328  17.339 0.034
2455717.52423  18.488 0.155
2455717.52724  18.082 0.143
2455718.49765  17.576 0.049
2455718.50457  17.415 0.045
2455718.50806  17.325 0.043
2455719.50001  17.521 0.048
2455719.50306  17.507 0.045
2455719.50610  17.453 0.045
2455719.50916  17.667 0.053
2455720.42353  17.491 0.048
2455720.42654  17.450 0.042
2455720.42956  17.524 0.045
2455720.43258  17.509 0.044
2455721.47393  17.418 0.049
2455721.47739  17.416 0.041
2455721.48085  17.482 0.043
2455721.48432  17.433 0.042
2455722.48837  17.677 0.053
2455722.49228  17.840 0.125
2455734.43846  17.296 0.041
2455734.44262  17.576 0.113
2455734.44676  17.385 0.043
2455734.45092  17.343 0.041
2455735.52078  17.416 0.079
2455735.52379  17.525 0.096
2455735.52680  17.759 0.135
2455736.43881  17.642 0.062
2455736.44182  17.479 0.057
2455736.44483  17.453 0.055
2455736.44785  17.547 0.059
2455737.44231  17.585 0.059
2455737.44758  17.558 0.047
2455737.45287  17.705 0.053
2455737.45816  17.903 0.066
2455749.42111  17.480 0.046
2455749.43170  17.581 0.043
2455749.43700  17.628 0.046
2455750.52373  17.848 0.081
2455750.52902  18.015 0.109
2455750.53430  17.997 0.142
2455751.42501  17.326 0.036
2455751.43075  17.344 0.034
2455751.43650  17.354 0.035
2455751.44224  17.344 0.035
2455754.42749  17.859 0.133
2455754.43163  17.895 0.110
2455754.43579  18.205 0.133
2455754.43994  18.073 0.120
2455762.43320  17.837 0.100
2455762.44376  17.638 0.082
2455762.44905  17.369 0.068
2455763.42617  17.553 0.089
2455763.43145  17.587 0.074
2455763.43674  17.583 0.077
2455763.44202  17.425 0.067
2455765.45903  17.458 0.054
2455765.46432  17.401 0.047
2455765.46961  17.519 0.052
2455765.47490  17.745 0.061
2455766.38446  17.312 0.041
2455766.38975  17.376 0.039
2455766.39504  17.341 0.039
2455766.40033  17.415 0.041
2455767.47389  17.308 0.051
2455767.47918  17.304 0.050
2455767.48446  17.379 0.053
2455768.49869  17.673 0.089
2455768.50390  17.721 0.073
2455768.50807  17.429 0.059
2455768.51228  17.496 0.060
2455777.42570  17.455 0.059
2455777.43097  17.412 0.044
2455777.43626  17.380 0.046
2455777.44156  17.304 0.042
2455778.52327  17.270 0.033
2455778.52854  17.220 0.031
2455778.53383  17.296 0.034
2455778.53911  17.268 0.035
2455780.41609  17.422 0.044
2455780.42070  17.405 0.037
2455780.42530  17.436 0.039
2455780.42993  17.415 0.040
2455781.43276  17.828 0.058
2455781.44110  17.637 0.046
2455781.44528  17.590 0.045
2455782.43014  17.398 0.043
2455782.43452  17.423 0.045
2455782.43890  17.531 0.051
2455782.44328  17.516 0.050
2455792.39308  17.317 0.047
2455792.39882  17.399 0.050
2455792.40456  17.274 0.047
2455792.41030  17.339 0.049
2455793.36220  16.993 0.043
2455793.36748  17.393 0.051
2455793.37276  17.366 0.052
2455795.45777  17.468 0.054
2455795.46306  17.460 0.054
2455795.46835  17.381 0.051
2455796.36173  18.056 0.068
2455796.36497  18.065 0.063
2455796.36871  18.248 0.071
2455796.37246  18.218 0.072
2455804.38915  17.207 0.059
2455804.39284  17.389 0.066
2455804.39653  17.478 0.069
2455806.31409  17.621 0.091
2455806.31725  17.565 0.091
2455806.32041  17.820 0.101
2455806.32357  17.868 0.107
2455807.36016  17.346 0.046
2455807.36910  17.280 0.042
2455807.37357  17.346 0.044
2455808.41312  17.269 0.042
2455808.41946  17.256 0.038
2455808.42580  17.206 0.035
2455808.43214  17.144 0.034
2455809.46662  17.745 0.062
2455809.47109  17.606 0.054
2455809.47557  17.567 0.054
2455809.48004  17.526 0.052
2455818.46070  18.080 0.170
2455818.46483  18.017 0.159
2455819.33668  17.465 0.100
2455819.34209  17.406 0.086
2455819.34749  17.373 0.130
2455820.33490  17.820 0.126
2455820.33842  17.679 0.114
2455820.34195  17.954 0.137
2455820.34547  18.127 0.149
2455821.29551  17.985 0.114
2455821.30107  17.907 0.085
2455821.31066  18.328 0.155
2455821.31628  18.055 0.114
2455822.38504  18.397 0.146
2455822.38923  18.436 0.139
2455822.39345  18.319 0.123
2455822.39764  18.136 0.112
2456084.50498  17.481 0.079
2456084.50960  17.636 0.088
2456084.51420  17.621 0.088
2456084.51883  17.887 0.117
2456087.46418  17.463 0.059
2455505.24247  17.888 0.044
2455514.16469  17.183 0.030
2455518.18338  17.752 0.098
2455534.19410  17.826 0.062
2455553.16916  17.557 0.058
2455568.19158  17.698 0.030
2455697.52342  17.595 0.063
2455718.50111  17.572 0.048
2455722.50013  18.328 0.098
2455749.42640  17.567 0.042
2455762.43849  17.685 0.088
2455767.48976  17.467 0.056
2455781.43693  17.668 0.045
2455793.37803  17.442 0.056
2455807.36463  17.397 0.046
2456087.47248  17.483 0.060
2456087.47662  17.610 0.064
2456088.46408  17.989 0.094
2456088.46937  17.838 0.071
2456088.47465  17.808 0.075
2456088.47994  17.635 0.062
2456100.43268  18.072 0.122
2456100.43615  18.235 0.134
2456100.43961  18.272 0.139
2456100.44307  18.281 0.145
2456101.50644  17.672 0.114
2456101.51196  17.638 0.101
2456101.51747  17.877 0.131
2456114.53750  17.490 0.192
2456117.38055  17.505 0.091
2456117.38584  17.452 0.090
2456117.39112  17.562 0.094
2456117.39644  17.756 0.106
2456126.47040  18.140 0.143
2456126.47477  17.839 0.087
2456126.47915  17.716 0.086
2456126.48353  17.570 0.078
2456129.44322  17.400 0.068
2456129.45269  17.268 0.055
2456129.45685  17.409 0.060
2456130.39944  17.403 0.085
2456130.40518  17.473 0.074
2456130.41093  17.258 0.063
2456130.41667  17.367 0.067
2456143.35807  17.409 0.108
2456143.36864  17.507 0.096
2456143.37394  17.466 0.091
2456143.37923  17.417 0.090
2456143.38453  17.471 0.123
2456144.42309  17.381 0.106
2456144.43038  17.312 0.106
2456144.43749  17.618 0.123
2456144.44460  17.268 0.094
2456155.39030  17.377 0.051
2456155.39423  17.421 0.047
2456155.39816  17.534 0.053
2456159.42115  17.332 0.045
2456159.42809  17.285 0.042
2456159.43155  17.326 0.043
2456169.37773  17.464 0.083
2456169.38126  17.472 0.083
2456169.38479  17.503 0.084
2456169.38830  17.317 0.075
2456170.40991  18.414 0.183
2456170.41344  18.435 0.177
2456170.41695  18.348 0.171
2456170.42049  18.219 0.152
2456171.46922  18.273 0.197
2456171.47405  18.199 0.185
2456171.48372  18.035 0.166
2456173.36280  18.350 0.126
2456173.36695  18.279 0.125
2456173.37110  18.148 0.106
2456174.43100  18.173 0.109
2456174.43424  18.150 0.108
2456174.43748  18.392 0.125
2456183.43290  17.306 0.037
2456183.44045  17.435 0.040
2456183.44802  17.404 0.039
2456183.45558  17.610 0.046
2456185.39431  17.613 0.056
2456185.39868  17.564 0.052
2456185.40306  17.363 0.046
2456185.40743  17.574 0.053
2456186.39590  17.514 0.064
2456186.40096  17.521 0.063
2456186.40603  17.587 0.068
2456186.41109  17.796 0.079
2456187.40778  17.872 0.087
2456187.41607  17.572 0.065
2456187.42021  17.608 0.070
2456198.43434  18.312 0.150
2456198.43803  18.538 0.167
2456198.44172  18.405 0.156
2456198.44541  18.171 0.139
2456200.26526  17.174 0.088
2456200.27053  17.131 0.083
2456200.27585  17.326 0.092
2456200.28114  17.479 0.108
2456201.35057  17.724 0.136
2456201.35404  17.456 0.117
2456201.35751  17.625 0.121
2456201.36099  17.877 0.149
2456202.24181  17.542 0.085
2456202.24824  17.282 0.071
2456202.25468  17.336 0.073
2456212.35239  17.575 0.042
2456212.35543  17.597 0.043
2456212.35846  17.566 0.043
2456212.36150  17.570 0.044
2456213.26799  18.137 0.075
2456213.27328  18.056 0.063
2456213.27859  17.829 0.052
2456213.28389  17.725 0.049
2456213.28920  17.638 0.046
2456215.25022  17.483 0.045
2456215.25439  17.658 0.050
2456215.25856  17.733 0.054
2456215.26272  17.874 0.063
2456276.19259  17.944 0.040
2456276.20016  18.094 0.042
2456276.20773  18.411 0.051
2456276.21530  18.010 0.039
2456470.45490  17.866 0.107
2456470.45956  17.907 0.093
2456470.46883  17.697 0.083
2456472.49772  17.324 0.070
2456472.50347  17.401 0.074
2456472.50924  17.273 0.068
2456484.45713  18.301 0.087
2456484.46243  17.932 0.059
2456484.46773  17.921 0.058
2456486.45031  17.647 0.069
2456486.45469  17.746 0.061
2456486.46347  17.994 0.075
2456498.39234  17.427 0.057
2456498.39604  17.552 0.060
2456498.39977  17.576 0.060
2456498.40347  17.453 0.055
2456501.39280  17.465 0.054
2456501.39810  17.700 0.093
2456501.40339  17.600 0.058
2456501.40869  17.621 0.059
2456511.50417  17.440 0.044
2456511.50901  17.536 0.049
2456511.51384  17.435 0.046
2456511.51869  17.629 0.053
2456514.33955  17.557 0.053
2456514.34484  17.600 0.053
2456515.37684  17.343 0.041
2456515.38033  17.172 0.035
2456515.38381  17.506 0.046
2456517.39215  17.487 0.054
2456517.39608  17.378 0.048
2456517.40003  17.794 0.068
2456517.40398  17.606 0.061
2456525.43814  18.532 0.198
2456525.44229  17.860 0.115
2456525.44645  18.160 0.145
2456526.42459  17.459 0.098
2456526.42852  17.497 0.101
2456526.43246  17.622 0.110
2456526.43638  17.613 0.112
2456530.48673  17.625 0.071
2456530.49045  17.441 0.059
2456530.49416  17.504 0.066
2456553.35709  17.997 0.125
2456553.35965  17.780 0.103
2456553.36222  17.714 0.097
2456553.36479  17.916 0.107
2456557.28728  17.413 0.057
2456557.29235  17.364 0.055
2456557.29742  17.518 0.065
2456581.30504  17.512 0.070
2456581.31031  17.630 0.073
2456581.31562  17.608 0.067
2456586.33416  18.357 0.126
2456586.33831  18.159 0.106
2456586.34248  18.201 0.112
2456586.34675  18.343 0.122
2456586.35095  18.442 0.131
2456589.23327  17.312 0.023
2456589.24084  17.353 0.023
2456589.24840  17.283 0.023
2456589.25597  17.321 0.025
2456592.24799  17.557 0.025
2456592.25368  17.674 0.026
2456592.25898  17.887 0.035
2456592.26427  17.887 0.034
2456595.26361  18.009 0.050
2456595.26663  17.930 0.047
2456595.26967  17.761 0.041
2456595.27269  17.750 0.042
2456596.25090  17.458 0.037
2456596.25394  17.526 0.037
2456596.25696  17.572 0.039
2456596.25998  17.524 0.038
2456597.26485  18.374 0.062
2456597.27318  18.186 0.051
2456597.27734  17.929 0.043
2456612.37712  17.760 0.084
2456612.38356  17.689 0.077
2456612.38997  17.524 0.069
2456612.39639  17.515 0.068
2456644.18567  18.076 0.135
2456644.18847  17.863 0.119
2456644.19128  17.998 0.126
2456644.19408  18.125 0.139
2456645.23074  18.146 0.118
2456645.23375  18.265 0.128
2456645.23678  18.337 0.141
2456649.15328  18.567 0.089
2456649.15720  18.226 0.068
2456649.16114  18.334 0.067
2456655.17337  17.511 0.037
2456655.17865  17.580 0.034
2456655.18394  17.584 0.038
2456655.18925  17.692 0.045
2456665.14574  17.625 0.076
2456665.14990  17.560 0.056
2456665.15404  17.515 0.045
2456665.15820  17.751 0.152
2456818.46932  17.908 0.077
2456818.47461  17.733 0.066
2456818.47992  17.458 0.051
2456818.48521  17.538 0.052
2456841.46460  17.531 0.042
2456841.46807  17.570 0.042
2456841.47153  17.796 0.050
2456841.47500  17.843 0.052
2456845.38275  17.514 0.056
2456845.39106  18.015 0.075
2456845.39522  18.148 0.079
2456869.52825  17.809 0.060
2456869.54549  17.943 0.087
2456882.52857  17.788 0.094
2456882.53271  17.604 0.083
2456882.53687  17.526 0.084
2456882.54101  17.369 0.079
2456884.44004  17.514 0.063
2456884.44464  17.480 0.060
2456884.44926  17.680 0.070
2456884.45387  17.590 0.066
2456886.42867  17.735 0.092
2456886.43352  17.629 0.081
2456886.43837  17.605 0.077
2456896.51301  17.794 0.048
2456896.51650  17.805 0.048
2456896.51997  17.657 0.043
2456896.52345  17.653 0.043
2456898.44351  17.343 0.029
2456898.44925  17.381 0.030
2456898.45500  17.482 0.037
2456898.46074  17.424 0.031
2456900.37084  17.670 0.036
2456900.37566  17.693 0.037
2456900.38050  17.895 0.044
2456900.38534  18.032 0.049
2456901.41660  17.445 0.038
2456901.42191  17.430 0.034
2456901.42720  17.500 0.038
2456901.43249  17.510 0.038
2456903.48302  18.142 0.067
2456903.49224  18.206 0.076
2456903.49684  18.409 0.086
2456907.27058  18.467 0.179
2456907.27700  18.024 0.135
2456907.28344  18.087 0.137
2456907.28986  17.881 0.117
2456908.29432  17.228 0.067
2456908.30074  17.335 0.072
2456908.30718  17.386 0.075
2456908.31360  17.518 0.086
2456909.38386  17.526 0.120
2456909.39029  17.556 0.121
2456909.39673  17.659 0.126
2456909.40315  17.600 0.120
2456911.40220  17.316 0.087
2456911.40862  17.482 0.092
2456911.41505  17.674 0.103
2456087.46834  17.429 0.057
2456143.36335  17.398 0.095
2456159.42462  17.300 0.041
2456173.37527  18.039 0.101
2456187.41192  17.659 0.071
2456202.26114  17.324 0.072
2456486.45908  17.969 0.074
2456530.49786  17.334 0.058
2456586.35511  18.552 0.148
2456597.26902  18.372 0.059
2456649.16506  18.242 0.064
2456845.38690  17.777 0.062
2456886.44322  17.491 0.069
2456913.45023  17.799 0.072
2456913.45597  17.883 0.077
2456913.46173  18.038 0.090
2456913.46747  18.142 0.096
2456915.43221  17.375 0.037
2456915.43842  17.508 0.044
2456915.44462  17.515 0.043
2456915.45082  17.511 0.045
2456939.22659  17.804 0.098
2456939.23188  17.988 0.118
2456939.23717  17.676 0.096
2456939.24246  17.692 0.094
2456941.27735  17.519 0.054
2456941.28128  17.453 0.052
2456941.28520  17.471 0.052
2456941.28912  17.530 0.056
2456942.27160  17.494 0.040
2456942.27991  17.498 0.042
2456942.28408  17.530 0.044
2456956.31066  17.694 0.102
2456956.31695  17.484 0.105
2456968.19073  18.391 0.144
2456968.19601  18.519 0.152
2456968.20130  18.557 0.159
2456968.20660  18.144 0.124
2456969.16263  17.894 0.083
2456969.16677  17.751 0.075
2456969.17093  17.851 0.083
2456970.23121  18.362 0.143
2456970.23650  17.944 0.097
2456970.24178  17.929 0.094
2456995.16112  18.230 0.095
2456995.16551  17.901 0.076
2456995.16989  18.048 0.083
2456995.17426  18.041 0.083
2457006.13383  17.473 0.062
2457006.13912  17.537 0.042
2457006.14441  17.478 0.029
2457006.14971  17.455 0.025
2457177.42830  17.648 0.074
2457177.43247  17.620 0.075
2457177.43663  17.672 0.076
2457177.44080  17.642 0.075
2457180.45795  17.645 0.056
2457180.46212  17.727 0.057
2457180.46628  17.887 0.065
2457180.47043  17.934 0.068
2457182.48043  17.825 0.058
2457182.48693  17.857 0.058
2457182.49018  18.071 0.069
2457190.46609  18.302 0.076
2457190.46933  18.161 0.068
2457190.47257  17.681 0.049
2457190.47581  17.799 0.054
2457222.38628  17.797 0.045
2457222.39133  17.797 0.044
2457222.39639  17.911 0.047
2457222.40146  18.068 0.054
2457223.41704  17.422 0.035
2457223.41982  17.436 0.035
2457223.42261  17.368 0.032
2457223.42538  17.405 0.033
2457224.48472  17.512 0.033
2457224.48820  17.612 0.034
2457224.49167  17.496 0.032
2457232.51712  18.043 0.081
2457232.52286  18.127 0.079
2457236.39888  17.832 0.113
2457236.40327  18.034 0.133
2457236.40764  18.262 0.154
2457236.41203  18.133 0.143
2457245.47336  18.031 0.082
2457245.47865  17.627 0.051
2457245.48394  17.732 0.058
2457245.48923  17.569 0.053
2457248.47941  17.596 0.063
2457248.48471  17.612 0.047
2457248.49000  17.591 0.051
2457248.49528  17.588 0.051
2457249.47353  17.832 0.062
2457250.40645  17.523 0.061
2457250.41174  17.710 0.057
2457250.41704  17.658 0.058
2457259.48246  18.138 0.071
2457259.48889  17.740 0.049
2457259.49531  17.928 0.053
2457259.50175  17.678 0.045
2457263.40227  17.641 0.086
2457263.40711  17.783 0.090
2457263.41195  17.756 0.091
2457265.42265  17.437 0.079
2457265.42908  17.432 0.080
2457265.43550  17.559 0.089
2457266.35200  18.242 0.116
2457266.35501  17.993 0.098
2457266.35805  17.910 0.092
2457266.36107  17.847 0.087
2457273.43727  17.633 0.078
2457273.44285  17.397 0.041
2457273.44843  17.539 0.056
2457273.45400  17.482 0.044
2457281.25588  17.505 0.036
2457281.26117  17.530 0.036
2457283.32406  18.372 0.073
2457283.33419  17.739 0.038
2457285.33918  18.049 0.060
2457285.34447  18.137 0.065
2457285.34976  18.087 0.061
2457285.35507  17.855 0.051
2457303.26297  18.109 0.045
2457303.27581  18.128 0.047
2457303.28225  17.934 0.045
2457304.24989  17.531 0.027
2457304.25631  17.360 0.022
2457304.26275  17.343 0.022
2457304.26917  17.325 0.022
2457305.43932  17.997 0.038
2457305.44575  18.234 0.213
2457305.45218  17.548 0.027
2457305.45861  17.542 0.026
2457330.24447  17.734 0.030
2457330.25280  17.499 0.027
2457330.25696  17.521 0.027
2457331.19305  17.711 0.029
2457331.19742  17.743 0.030
2457331.20181  17.659 0.028
2457331.20621  17.542 0.027
2457332.25124  18.114 0.039
2457332.25631  18.067 0.037
2457332.26138  17.898 0.032
2457332.26646  17.818 0.031
2457373.29388  17.376 0.022
2457373.30030  17.352 0.022
2457373.30673  17.336 0.022
2457373.31316  17.407 0.022
2457381.32097  18.266 0.197
2457381.32626  18.253 0.184
2457381.33156  17.706 0.119
2457381.34215  17.973 0.146
2457391.28280  18.436 0.057
2457391.28923  18.446 0.059
2457391.29566  18.268 0.074
2457391.30209  17.968 0.045
2457391.30851  17.837 0.041
2457408.31935  17.760 0.134
2457411.57154  17.304 0.098
2457411.57637  17.347 0.101
2457411.58121  17.399 0.106
2457411.58604  17.587 0.119
2457418.64155  18.291 0.078
2457418.64684  18.663 0.115
2457418.65744  18.109 0.080
2457429.20447  17.733 0.062
2457429.21089  17.469 0.047
2457429.21733  17.493 0.049
2457429.22376  17.512 0.042
2457481.53868  17.216 0.022
2457481.54442  17.222 0.022
2457481.55018  17.287 0.023
2457481.55592  17.334 0.024
2457484.59653  17.489 0.124
2457492.52776  17.793 0.044
2457492.53419  17.663 0.041
2457495.54265  17.081 0.023
2457495.54771  17.180 0.024
2457495.55279  17.200 0.025
2457495.55786  17.244 0.026
2457495.56293  17.252 0.029
2457496.48954  17.101 0.035
2457496.49573  17.040 0.033
2457496.50194  17.224 0.036
2457496.50815  17.215 0.036
2457516.52255  17.787 0.036
2457516.52830  17.604 0.030
2457516.53408  17.540 0.032
2457517.53030  17.356 0.025
2457517.53673  17.329 0.028
2457517.54317  17.539 0.046
2457517.54961  17.546 0.072
2457544.42115  17.829 0.048
2457544.42600  17.728 0.038
2457544.43084  17.589 0.035
2457544.43567  17.521 0.033
2457555.39064  17.735 0.095
2457555.39174  17.767 0.074
2457572.45536  18.011 0.081
2457572.46110  17.863 0.062
2457572.46684  17.922 0.069
2457585.44266  17.183 0.048
2457585.44908  17.232 0.046
2457585.45552  17.243 0.047
2457586.42301  17.457 0.078
2457586.42853  17.626 0.072
2457586.43405  17.748 0.082
2457586.43957  17.845 0.090
2457596.51528  17.431 0.057
2457596.52170  17.509 0.061
2457596.52813  17.584 0.067
2457596.53457  17.666 0.076
2457599.42725  17.269 0.063
2457599.43367  17.315 0.053
2457599.44009  17.300 0.054
2457599.44653  17.391 0.056
2457599.45295  17.339 0.054
2457600.45829  17.636 0.089
2457600.46472  17.983 0.103
2457600.47115  18.089 0.113
2457600.47758  18.204 0.117
2457601.51831  17.552 0.091
2457601.53344  17.723 0.104
2457601.54102  17.884 0.130
2457610.44521  17.997 0.102
2457610.45162  18.015 0.098
2457610.45805  17.751 0.080
2457610.46447  17.674 0.077
2457610.47088  17.714 0.076
2457611.40835  17.734 0.090
2457611.41477  17.488 0.066
2457611.42119  17.338 0.059
2457611.42763  17.373 0.063
2457611.43405  17.413 0.067
2457612.45184  17.709 0.080
2457612.45827  17.869 0.080
2457612.46469  17.991 0.090
2457612.47110  17.953 0.086
2457612.47753  17.799 0.077
2457613.33534  17.626 0.076
2457615.39438  17.304 0.043
2457615.40080  17.427 0.047
2457615.40722  17.516 0.051
2457615.41364  17.553 0.051
2457615.42006  17.853 0.068
2457625.50099  17.431 0.056
2457625.50741  17.505 0.062
2457625.51382  17.544 0.063
2457627.43898  18.134 0.064
2457627.44541  17.869 0.050
2457627.45182  17.678 0.044
2457627.45825  17.544 0.040
2457628.41592  17.465 0.040
2457628.42650  17.447 0.040
2457628.43177  17.360 0.036
2457630.33819  17.438 0.057
2457630.34461  17.344 0.047
2457630.35104  17.401 0.051
2457630.35747  17.470 0.057
2457638.41628  17.518 0.040
2457638.42158  17.523 0.039
2457638.42687  17.415 0.036
2457638.43215  17.398 0.037
2457639.40984  17.858 0.064
2457639.41558  17.652 0.055
2457639.42132  18.014 0.072
2457639.42706  18.200 0.084
2457640.29234  17.488 0.038
2457640.29650  17.459 0.037
2456911.42147  17.746 0.107
2456942.27575  17.493 0.042
2456970.24707  17.980 0.112
2457182.48368  17.791 0.056
2457224.49514  17.508 0.032
2457265.41623  17.477 0.082
2457283.33925  17.870 0.043
2457330.24864  17.672 0.029
2457381.33685  17.975 0.146
2457418.65215  18.291 0.077
2457484.59122  17.635 0.080
2457516.53983  17.484 0.036
2457585.46195  17.228 0.045
2457601.52588  17.355 0.081
2457628.42121  17.390 0.036
2457640.30064  17.424 0.036
2457641.34931  17.515 0.046
2457641.35368  17.456 0.042
2457642.31225  17.526 0.055
2457642.31778  17.401 0.048
2457642.32334  17.416 0.048
2457643.47808  17.829 0.054
2457643.48450  17.835 0.048
2457643.49093  17.639 0.042
2457643.49736  17.462 0.035
2457655.22894  17.690 0.035
2457655.23400  17.428 0.028
2457655.23905  17.280 0.025
2457655.24412  17.356 0.026
2457656.24766  17.663 0.032
2457656.25295  17.713 0.033
2457656.25824  17.837 0.037
2457656.26353  17.988 0.042
2457657.33159  17.664 0.033
2457657.33688  17.853 0.036
2457657.34217  17.953 0.040
2457657.34744  18.138 0.044
